TermID	Term	Enrichment	logP	Genes in Term	Target Genes in Term	Fraction of Targets in Term	Total Target Genes	Total Genes	Entrez Gene IDs	Gene Symbols
PR02031	CYSSERRICHNP	7.673256637431e-05	-9.47518434551649	3	2	0.111111111111111	18	3454	322795,560270	csrnp1b,csrnp1a
PR00042	LEUZIPPRFOS	0.00137238863606706	-6.59120252735013	11	2	0.111111111111111	18	3454	436766,492346	jdp2b,fosb
PR01876	MTG8PROTEIN	0.00521134916039707	-5.25691650080982	1	1	0.0555555555555556	18	3454	767809	runx1t1
PR00073	COPRGNOXDASE	0.00521134916039707	-5.25691650080982	1	1	0.0555555555555556	18	3454	321294	cpox
PR01417	GHSRECEPTOR	0.0103970415190003	-4.56623398263078	2	1	0.0555555555555556	18	3454	100332193	ghsrb
PR01875	ETOFAMILY	0.0103970415190003	-4.56623398263078	2	1	0.0555555555555556	18	3454	767809	runx1t1
PR00546	THYROIDHORMR	0.0308856135810398	-3.47746478339604	6	1	0.0555555555555556	18	3454	402815	nr1d2a
PR00401	SH2DOMAIN	0.045196444275312	-3.09673686171372	66	2	0.111111111111111	18	3454	557176,406311	pik3r1,pik3r3a
PR01103	ADRENERGICR	0.0559331687270479	-2.88359771652288	11	1	0.0555555555555556	18	3454	100037315	adrb2b
PR00620	HISTONEH2A	0.060868749024017	-2.79903538828899	12	1	0.0555555555555556	18	3454	100003969	zgc:165551
PR00237	GPCRRHODOPSN	0.102572458883195	-2.27718581421744	220	3	0.166666666666667	18	3454	100332193,557341,100037315	ghsrb,cmklr1,adrb2b
PR00053	FORKHEAD	0.167883353300656	-1.78448586632586	35	1	0.0555555555555556	18	3454	405850	foxg1b
PR00380	KINESINHEAVY	0.185276396790025	-1.68590653216342	39	1	0.0555555555555556	18	3454	100149555	stard9
PR00625	JDOMAIN	0.20653504855288	-1.57728515433466	44	1	0.0555555555555556	18	3454	641576	zgc:122979
PR00047	STROIDFINGER	0.247490608769028	-1.39638264206086	54	1	0.0555555555555556	18	3454	402815	nr1d2a
PR00398	STRDHORMONER	0.251474482016536	-1.380413757745	55	1	0.0555555555555556	18	3454	402815	nr1d2a
PR01415	ANKYRIN	0.278808913475053	-1.27722862974939	62	1	0.0555555555555556	18	3454	323099	nfkbiab
PR00109	TYRKINASE	0.388921389547327	-0.944378039211192	93	1	0.0555555555555556	18	3454	568412	si:ch211-45c16.2
PR01161	TUBULIN	0.999999999990499	-9.50082767546773e-12	18	0	0	18	3454
PR00007	COMPLEMNTC1Q	0.999999999991111	-8.88902489191401e-12	25	0	0	18	3454
PR00031	HTHREPRESSR	0.999999999991111	-8.88902489191401e-12	25	0	0	18	3454
PR00390	PHPHLIPASEC	0.999999999992917	-7.08345698847547e-12	12	0	0	18	3454
PR00326	GTP1OBG	0.999999999992917	-7.08345698847547e-12	12	0	0	18	3454
PR00028	POUDOMAIN	0.999999999992917	-7.08345698847547e-12	12	0	0	18	3454
PR01347	EPHRIN	0.999999999992917	-7.08345698847547e-12	12	0	0	18	3454
PR01185	INTEGRINA	0.999999999992917	-7.08345698847547e-12	12	0	0	18	3454
PR00593	MTABOTROPICR	0.999999999992917	-7.08345698847547e-12	12	0	0	18	3454
PR00263	HBGFFGF	0.999999999992917	-7.08345698847547e-12	12	0	0	18	3454
PR01857	ADAMTSFAMILY	0.999999999992917	-7.08345698847547e-12	12	0	0	18	3454
PR00705	PAPAIN	0.999999999992917	-7.08345698847547e-12	12	0	0	18	3454
PR00376	IL1BCENZYME	0.999999999992917	-7.08345698847547e-12	12	0	0	18	3454
PR00935	BAND41	0.999999999993258	-6.74209379966096e-12	22	0	0	18	3454
PR00008	DAGPEDOMAIN	0.999999999993258	-6.74209379966096e-12	22	0	0	18	3454
PR00399	SYNAPTOTAGMN	0.999999999993258	-6.74209379966096e-12	22	0	0	18	3454
PR00261	LDLRECEPTOR	0.999999999993946	-6.05368055842372e-12	16	0	0	18	3454
PR01576	PDEFORMYLASE	0.999999999994367	-5.63298279548929e-12	1	0	0	18	3454
PR01670	GABAARRHO	0.999999999994367	-5.63298279548929e-12	1	0	0	18	3454
PR01895	WNT16PROTEIN	0.999999999994367	-5.63298279548929e-12	1	0	0	18	3454
PR01518	KV43CHANNEL	0.999999999994367	-5.63298279548929e-12	1	0	0	18	3454
PR01443	TFIID30KDSUB	0.999999999994367	-5.63298279548929e-12	1	0	0	18	3454
PR01631	NVDCCALPHA1	0.999999999994367	-5.63298279548929e-12	1	0	0	18	3454
PR01492	KV6CHANNEL	0.999999999994367	-5.63298279548929e-12	1	0	0	18	3454
PR01930	INTRLEUKIN15	0.999999999994367	-5.63298279548929e-12	1	0	0	18	3454
PR01450	BKCHANNELB	0.999999999994367	-5.63298279548929e-12	1	0	0	18	3454
PR00162	RIESKE	0.999999999994367	-5.63298279548929e-12	1	0	0	18	3454
PR00882	RIBOSOMALL7A	0.999999999994367	-5.63298279548929e-12	1	0	0	18	3454
PR00522	CANABINOID1R	0.999999999994367	-5.63298279548929e-12	1	0	0	18	3454
PR00098	CPSASE	0.999999999994367	-5.63298279548929e-12	1	0	0	18	3454
PR01581	KV31CHANNEL	0.999999999994367	-5.63298279548929e-12	1	0	0	18	3454
PR01750	AP2BTNSCPFCT	0.999999999994367	-5.63298279548929e-12	1	0	0	18	3454
PR01659	MCMPROTEIN3	0.999999999994367	-5.63298279548929e-12	1	0	0	18	3454
PR01668	NEUROTENSIN	0.999999999994367	-5.63298279548929e-12	1	0	0	18	3454
PR00240	ADRENRGCA1DR	0.999999999994367	-5.63298279548929e-12	1	0	0	18	3454
PR01015	NRPEPTIDEY4R	0.999999999994367	-5.63298279548929e-12	1	0	0	18	3454
PR01982	IGFBPFAMILY6	0.999999999994367	-5.63298279548929e-12	1	0	0	18	3454
PR00125	ATPASEDELTA	0.999999999994367	-5.63298279548929e-12	1	0	0	18	3454
PR01177	GABAB1RECPTR	0.999999999994367	-5.63298279548929e-12	1	0	0	18	3454
PR01183	RIBORDTASEM1	0.999999999994367	-5.63298279548929e-12	1	0	0	18	3454
PR01113	CLCHANNEL2	0.999999999994367	-5.63298279548929e-12	1	0	0	18	3454
PR01602	VDCCGAMMA2	0.999999999994367	-5.63298279548929e-12	1	0	0	18	3454
PR01985	NOTCH2	0.999999999994367	-5.63298279548929e-12	1	0	0	18	3454
PR01635	LVDCCALPHA1C	0.999999999994367	-5.63298279548929e-12	1	0	0	18	3454
PR01405	TETRPHPHTASE	0.999999999994367	-5.63298279548929e-12	1	0	0	18	3454
PR01030	PENKBPRCRSR	0.999999999994367	-5.63298279548929e-12	1	0	0	18	3454
PR00515	5HT1FRECEPTR	0.999999999994367	-5.63298279548929e-12	1	0	0	18	3454
PR01658	MCMPROTEIN2	0.999999999994367	-5.63298279548929e-12	1	0	0	18	3454
PR01384	CLAUDIN11	0.999999999994367	-5.63298279548929e-12	1	0	0	18	3454
PR00126	ATPASEGAMMA	0.999999999994367	-5.63298279548929e-12	1	0	0	18	3454
PR01236	TNFBETA	0.999999999994367	-5.63298279548929e-12	1	0	0	18	3454
PR01661	MCMPROTEIN5	0.999999999994367	-5.63298279548929e-12	1	0	0	18	3454
PR01062	MELNOCORTN4R	0.999999999994367	-5.63298279548929e-12	1	0	0	18	3454
PR00860	MTVERTEBRATE	0.999999999994367	-5.63298279548929e-12	1	0	0	18	3454
PR01167	INSADHFAMILY	0.999999999994367	-5.63298279548929e-12	1	0	0	18	3454
PR00393	PTRHORMONER	0.999999999994367	-5.63298279548929e-12	1	0	0	18	3454
PR01279	CRFRECEPTOR	0.999999999994367	-5.63298279548929e-12	1	0	0	18	3454
PR00547	XOPIOIDR	0.999999999994367	-5.63298279548929e-12	1	0	0	18	3454
PR01660	MCMPROTEIN4	0.999999999994367	-5.63298279548929e-12	1	0	0	18	3454
PR01114	CLCHANNEL3	0.999999999994367	-5.63298279548929e-12	1	0	0	18	3454
PR01724	GABAARPI	0.999999999994367	-5.63298279548929e-12	1	0	0	18	3454
PR02062	CENTROSOME78	0.999999999994367	-5.63298279548929e-12	1	0	0	18	3454
PR01064	OREXINR	0.999999999994367	-5.63298279548929e-12	1	0	0	18	3454
PR00667	RPERETINALR	0.999999999994367	-5.63298279548929e-12	1	0	0	18	3454
PR00474	GLU5KINASE	0.999999999994367	-5.63298279548929e-12	1	0	0	18	3454
PR00061	RIBOSOMALL19	0.999999999994367	-5.63298279548929e-12	1	0	0	18	3454
PR00407	EUMOPTERIN	0.999999999994367	-5.63298279548929e-12	1	0	0	18	3454
PR00932	AMINO1PTASE	0.999999999994367	-5.63298279548929e-12	1	0	0	18	3454
PR01888	NROPEPTIDEBW	0.999999999994367	-5.63298279548929e-12	1	0	0	18	3454
PR01422	GPR56ORPHANR	0.999999999994367	-5.63298279548929e-12	1	0	0	18	3454
PR00665	OXYTOCINR	0.999999999994367	-5.63298279548929e-12	1	0	0	18	3454
PR01675	GLYRALPHA2	0.999999999994367	-5.63298279548929e-12	1	0	0	18	3454
PR00539	MUSCRINICM2R	0.999999999994367	-5.63298279548929e-12	1	0	0	18	3454
PR01495	SHABCHANNEL	0.999999999994367	-5.63298279548929e-12	1	0	0	18	3454
PR01790	SMP30FAMILY	0.999999999994367	-5.63298279548929e-12	1	0	0	18	3454
PR00426	C5ANPHYLTXNR	0.999999999994367	-5.63298279548929e-12	1	0	0	18	3454
PR00565	DOPAMINED1AR	0.999999999994367	-5.63298279548929e-12	1	0	0	18	3454
PR01912	BDNFACTOR	0.999999999994367	-5.63298279548929e-12	1	0	0	18	3454
PR01025	NEUROKININ2R	0.999999999994367	-5.63298279548929e-12	1	0	0	18	3454
PR00658	CD44	0.999999999994367	-5.63298279548929e-12	1	0	0	18	3454
PR01480	NEUROTENSN1R	0.999999999994367	-5.63298279548929e-12	1	0	0	18	3454
PR01475	PARKIN	0.999999999994367	-5.63298279548929e-12	1	0	0	18	3454
PR01669	TAPASIN	0.999999999994367	-5.63298279548929e-12	1	0	0	18	3454
PR01827	YKINASETYK2	0.999999999994367	-5.63298279548929e-12	1	0	0	18	3454
PR01872	CLAUDIN12	0.999999999994367	-5.63298279548929e-12	1	0	0	18	3454
PR01991	GPR153GPR162	0.999999999994367	-5.63298279548929e-12	1	0	0	18	3454
PR00139	ASNGLNASE	0.999999999994367	-5.63298279548929e-12	1	0	0	18	3454
PR00052	FIBRILLARIN	0.999999999994367	-5.63298279548929e-12	1	0	0	18	3454
PR01716	DEATHASSOCP3	0.999999999994367	-5.63298279548929e-12	1	0	0	18	3454
PR01841	WNT1PROTEIN	0.999999999994367	-5.63298279548929e-12	1	0	0	18	3454
PR01769	VRL2RECEPTOR	0.999999999994367	-5.63298279548929e-12	1	0	0	18	3454
PR01082	KCLTRNSPORT1	0.999999999994367	-5.63298279548929e-12	1	0	0	18	3454
PR01854	BR22PROTEIN	0.999999999994367	-5.63298279548929e-12	1	0	0	18	3454
PR00154	AMPBINDING	0.999999999994367	-5.63298279548929e-12	1	0	0	18	3454
PR00720	MAMMALPTPASE	0.999999999994367	-5.63298279548929e-12	1	0	0	18	3454
PR01256	OTX1HOMEOBOX	0.999999999994367	-5.63298279548929e-12	1	0	0	18	3454
PR01431	TUBERIN	0.999999999994367	-5.63298279548929e-12	1	0	0	18	3454
PR00437	SMALLCYTKCXC	0.999999999994367	-5.63298279548929e-12	1	0	0	18	3454
PR01855	NRPEPTIDEWR	0.999999999994367	-5.63298279548929e-12	1	0	0	18	3454
PR00650	GPR12ORPHANR	0.999999999994367	-5.63298279548929e-12	1	0	0	18	3454
PR01511	KV14CHANNEL	0.999999999994367	-5.63298279548929e-12	1	0	0	18	3454
PR01816	BACE1	0.999999999994367	-5.63298279548929e-12	1	0	0	18	3454
PR00067	CATALASE	0.999999999994367	-5.63298279548929e-12	1	0	0	18	3454
PR01424	TGFBETA1	0.999999999994367	-5.63298279548929e-12	1	0	0	18	3454
PR02051	PROTEINF175	0.999999999994367	-5.63298279548929e-12	1	0	0	18	3454
PR01252	AMPHIPHYSIN1	0.999999999994367	-5.63298279548929e-12	1	0	0	18	3454
PR01280	CRFRECEPTOR1	0.999999999994367	-5.63298279548929e-12	1	0	0	18	3454
PR01046	TRNASYNTHPRO	0.999999999994367	-5.63298279548929e-12	1	0	0	18	3454
PR01634	LVDCCALPHA1S	0.999999999994367	-5.63298279548929e-12	1	0	0	18	3454
PR00646	RDC1ORPHANR	0.999999999994367	-5.63298279548929e-12	1	0	0	18	3454
PR00413	HADHALOGNASE	0.999999999994367	-5.63298279548929e-12	1	0	0	18	3454
PR01940	NTKRECEPTOR1	0.999999999994367	-5.63298279548929e-12	1	0	0	18	3454
PR01245	RAD1REC1	0.999999999994367	-5.63298279548929e-12	1	0	0	18	3454
PR01703	MNSODISMTASE	0.999999999994367	-5.63298279548929e-12	1	0	0	18	3454
PR01246	RAD1REPAIR	0.999999999994367	-5.63298279548929e-12	1	0	0	18	3454
PR00414	PPTHIESTRASE	0.999999999994367	-5.63298279548929e-12	1	0	0	18	3454
PR00513	5HT1BRECEPTR	0.999999999994367	-5.63298279548929e-12	1	0	0	18	3454
PR01047	TRNASYNTHTHR	0.999999999994367	-5.63298279548929e-12	1	0	0	18	3454
PR00298	CHAPERONIN60	0.999999999994367	-5.63298279548929e-12	1	0	0	18	3454
PR01474	VCAM1	0.999999999994367	-5.63298279548929e-12	1	0	0	18	3454
PR00972	RIBSOMALS12E	0.999999999994367	-5.63298279548929e-12	1	0	0	18	3454
PR01061	MELNOCORTN3R	0.999999999994367	-5.63298279548929e-12	1	0	0	18	3454
PR02005	INSLNLIKEGF1	0.999999999994367	-5.63298279548929e-12	1	0	0	18	3454
PR00671	INHIBINBB	0.999999999994367	-5.63298279548929e-12	1	0	0	18	3454
PR00973	RIBOSOMALS17	0.999999999994367	-5.63298279548929e-12	1	0	0	18	3454
PR01403	8OXTPHPHTASE	0.999999999994367	-5.63298279548929e-12	1	0	0	18	3454
PR01121	FMOXYGENASE1	0.999999999994367	-5.63298279548929e-12	1	0	0	18	3454
PR01164	GAMMATUBULIN	0.999999999994367	-5.63298279548929e-12	1	0	0	18	3454
PR00290	KAZALINHBTR	0.999999999994367	-5.63298279548929e-12	1	0	0	18	3454
PR01995	UPF0595	0.999999999994367	-5.63298279548929e-12	1	0	0	18	3454
PR00518	5HT5ARECEPTR	0.999999999994367	-5.63298279548929e-12	1	0	0	18	3454
PR01844	WNT4PROTEIN	0.999999999994367	-5.63298279548929e-12	1	0	0	18	3454
PR00714	MAN6PISMRASE	0.999999999994367	-5.63298279548929e-12	1	0	0	18	3454
PR00365	ENDOTHELIN	0.999999999994367	-5.63298279548929e-12	1	0	0	18	3454
PR01315	BATTENIN	0.999999999994367	-5.63298279548929e-12	1	0	0	18	3454
PR00062	RIBOSOMALL20	0.999999999994367	-5.63298279548929e-12	1	0	0	18	3454
PR00192	FACTINCAPB	0.999999999994367	-5.63298279548929e-12	1	0	0	18	3454
PR01684	EP450ICYP2A	0.999999999994367	-5.63298279548929e-12	1	0	0	18	3454
PR01429	PROTEASEAR3	0.999999999994367	-5.63298279548929e-12	1	0	0	18	3454
PR00344	BCTRLSENSOR	0.999999999994367	-5.63298279548929e-12	1	0	0	18	3454
PR01053	MTABOTROPC3R	0.999999999994367	-5.63298279548929e-12	1	0	0	18	3454
PR01607	APYRASEFAMLY	0.999999999994367	-5.63298279548929e-12	1	0	0	18	3454
PR00537	MUOPIOIDR	0.999999999994367	-5.63298279548929e-12	1	0	0	18	3454
PR01207	NAKCLTRNSPRT	0.999999999994367	-5.63298279548929e-12	1	0	0	18	3454
PR01627	LCACHANNELB1	0.999999999994367	-5.63298279548929e-12	1	0	0	18	3454
PR01115	CLCHANNEL4	0.999999999994367	-5.63298279548929e-12	1	0	0	18	3454
PR01087	NAHEXCHNGR3	0.999999999994367	-5.63298279548929e-12	1	0	0	18	3454
PR01979	IGFBPFAMILY3	0.999999999994367	-5.63298279548929e-12	1	0	0	18	3454
PR01722	GABAARDELTA	0.999999999994367	-5.63298279548929e-12	1	0	0	18	3454
PR00588	SOMATOSTTN2R	0.999999999994367	-5.63298279548929e-12	1	0	0	18	3454
PR01861	ADAMTS8	0.999999999994367	-5.63298279548929e-12	1	0	0	18	3454
PR00101	ATCASE	0.999999999994367	-5.63298279548929e-12	1	0	0	18	3454
PR01892	WNT8PROTEIN	0.999999999994367	-5.63298279548929e-12	1	0	0	18	3454
PR02043	CANCERSCCP1	0.999999999994367	-5.63298279548929e-12	1	0	0	18	3454
PR00766	CUDAOXIDASE	0.999999999994367	-5.63298279548929e-12	1	0	0	18	3454
PR01204	GLY1TRNSPORT	0.999999999994367	-5.63298279548929e-12	1	0	0	18	3454
PR00852	XRODRMPGMNTD	0.999999999994367	-5.63298279548929e-12	1	0	0	18	3454
PR00392	PROFILIN	0.999999999994367	-5.63298279548929e-12	1	0	0	18	3454
PR00570	ENDOTHELINAR	0.999999999994367	-5.63298279548929e-12	1	0	0	18	3454
PR00357	ANTIFREEZIII	0.999999999994367	-5.63298279548929e-12	1	0	0	18	3454
PR01214	GSYNUCLEIN	0.999999999994367	-5.63298279548929e-12	1	0	0	18	3454
PR01713	NUCEPIMERASE	0.999999999994367	-5.63298279548929e-12	1	0	0	18	3454
PR01868	ABCEFAMILY	0.999999999994367	-5.63298279548929e-12	1	0	0	18	3454
PR00970	RIBTRNSFRASE	0.999999999994367	-5.63298279548929e-12	1	0	0	18	3454
PR00402	TECBTKDOMAIN	0.999999999994367	-5.63298279548929e-12	1	0	0	18	3454
PR00127	CLPPROTEASEP	0.999999999994367	-5.63298279548929e-12	1	0	0	18	3454
PR00516	5HT2ARECEPTR	0.999999999994367	-5.63298279548929e-12	1	0	0	18	3454
PR02098	HYLETHALUSS1	0.999999999994367	-5.63298279548929e-12	1	0	0	18	3454
PR01795	VDCCGAMMA7	0.999999999994367	-5.63298279548929e-12	1	0	0	18	3454
PR00514	5HT1DRECEPTR	0.999999999994367	-5.63298279548929e-12	1	0	0	18	3454
PR00985	TRNASYNTHLEU	0.999999999994367	-5.63298279548929e-12	1	0	0	18	3454
PR00050	COLDSHOCK	0.999999999994367	-5.63298279548929e-12	1	0	0	18	3454
PR00092	TYROSINASE	0.999999999994367	-5.63298279548929e-12	1	0	0	18	3454
PR01328	KIR32CHANNEL	0.999999999994367	-5.63298279548929e-12	1	0	0	18	3454
PR01378	CLAUDIN3	0.999999999994367	-5.63298279548929e-12	1	0	0	18	3454
PR01517	KV42CHANNEL	0.999999999994367	-5.63298279548929e-12	1	0	0	18	3454
PR00199	ANNEXINIII	0.999999999994367	-5.63298279548929e-12	1	0	0	18	3454
PR01642	TRPCHANNEL1	0.999999999994367	-5.63298279548929e-12	1	0	0	18	3454
PR01599	ZONOCCLUDNS2	0.999999999994367	-5.63298279548929e-12	1	0	0	18	3454
PR01701	CD164ANTIGEN	0.999999999994367	-5.63298279548929e-12	1	0	0	18	3454
PR00268	NGF	0.999999999994367	-5.63298279548929e-12	1	0	0	18	3454
PR02072	4JOINTEDBOX1	0.999999999994367	-5.63298279548929e-12	1	0	0	18	3454
PR00603	CYTOCHROMEC1	0.999999999994367	-5.63298279548929e-12	1	0	0	18	3454
PR01278	CD97PROTEIN	0.999999999994367	-5.63298279548929e-12	1	0	0	18	3454
PR00273	GALANIN	0.999999999994367	-5.63298279548929e-12	1	0	0	18	3454
PR00706	PYROGLUPTASE	0.999999999994367	-5.63298279548929e-12	1	0	0	18	3454
PR01080	HYPOXIAIF1A	0.999999999994367	-5.63298279548929e-12	1	0	0	18	3454
PR01213	BSYNUCLEIN	0.999999999994367	-5.63298279548929e-12	1	0	0	18	3454
PR01628	LCACHANNELB2	0.999999999994367	-5.63298279548929e-12	1	0	0	18	3454
PR00143	CITRTSNTHASE	0.999999999994367	-5.63298279548929e-12	1	0	0	18	3454
PR01579	KCNAB2CHANEL	0.999999999994367	-5.63298279548929e-12	1	0	0	18	3454
PR00063	RIBOSOMALL27	0.999999999994367	-5.63298279548929e-12	1	0	0	18	3454
PR01063	MELNOCORTN5R	0.999999999994367	-5.63298279548929e-12	1	0	0	18	3454
PR00745	GLHYDRLASE39	0.999999999994367	-5.63298279548929e-12	1	0	0	18	3454
PR00375	HUNTINGTIN	0.999999999994367	-5.63298279548929e-12	1	0	0	18	3454
PR02065	PROTEINDPCD	0.999999999994367	-5.63298279548929e-12	1	0	0	18	3454
PR00749	LYSOZYMEG	0.999999999994367	-5.63298279548929e-12	1	0	0	18	3454
PR02100	GENEIEX1	0.999999999994367	-5.63298279548929e-12	1	0	0	18	3454
PR00201	ANNEXINV	0.999999999994367	-5.63298279548929e-12	1	0	0	18	3454
PR00100	AOTCASE	0.999999999994367	-5.63298279548929e-12	1	0	0	18	3454
PR01461	KCNQ2CHANNEL	0.999999999994367	-5.63298279548929e-12	1	0	0	18	3454
PR02029	ACTREGSIRT1	0.999999999994367	-5.63298279548929e-12	1	0	0	18	3454
PR01147	GPR4RECEPTOR	0.999999999994367	-5.63298279548929e-12	1	0	0	18	3454
PR01001	FADG3PDH	0.999999999994367	-5.63298279548929e-12	1	0	0	18	3454
PR00728	SIGNALPTASE	0.999999999994367	-5.63298279548929e-12	1	0	0	18	3454
PR01597	ZONOCCLUDNS	0.999999999994367	-5.63298279548929e-12	1	0	0	18	3454
PR01348	ICLNCHANNEL	0.999999999994367	-5.63298279548929e-12	1	0	0	18	3454
PR01118	CLCHANNEL7	0.999999999994367	-5.63298279548929e-12	1	0	0	18	3454
PR00670	INHIBINBA	0.999999999994367	-5.63298279548929e-12	1	0	0	18	3454
PR01680	TNFACTORR6	0.999999999994367	-5.63298279548929e-12	1	0	0	18	3454
PR02049	PROTEINF36A	0.999999999994367	-5.63298279548929e-12	1	0	0	18	3454
PR00215	NEUROMODULIN	0.999999999994367	-5.63298279548929e-12	1	0	0	18	3454
PR00472	CASNKINASEII	0.999999999994367	-5.63298279548929e-12	1	0	0	18	3454
PR02069	ECCREGULATOR	0.999999999994367	-5.63298279548929e-12	1	0	0	18	3454
PR01309	P2X2RECEPTOR	0.999999999994367	-5.63298279548929e-12	1	0	0	18	3454
PR01571	NPFFRECEPTR1	0.999999999994367	-5.63298279548929e-12	1	0	0	18	3454
PR02024	AQUAPORIN11	0.999999999994367	-5.63298279548929e-12	1	0	0	18	3454
PR00586	PRSTNOIDEP4R	0.999999999994367	-5.63298279548929e-12	1	0	0	18	3454
PR02012	RCMTNOP2	0.999999999994367	-5.63298279548929e-12	1	0	0	18	3454
PR01971	TNFACTORR21	0.999999999994367	-5.63298279548929e-12	1	0	0	18	3454
PR01821	DAPIT	0.999999999994367	-5.63298279548929e-12	1	0	0	18	3454
PR02092	HEPBVIRUSXIP	0.999999999994367	-5.63298279548929e-12	1	0	0	18	3454
PR01457	LENSMEMPROT	0.999999999994367	-5.63298279548929e-12	1	0	0	18	3454
PR00358	BOMBESINR	0.999999999994367	-5.63298279548929e-12	1	0	0	18	3454
PR02107	INOS145TPRIP	0.999999999994367	-5.63298279548929e-12	1	0	0	18	3454
PR02011	RCMTNCL1	0.999999999994367	-5.63298279548929e-12	1	0	0	18	3454
PR00790	PAMONOXGNASE	0.999999999994367	-5.63298279548929e-12	1	0	0	18	3454
PR01614	GABAARALPHA1	0.999999999994367	-5.63298279548929e-12	1	0	0	18	3454
PR02015	AQUAPORIN3	0.999999999994367	-5.63298279548929e-12	1	0	0	18	3454
PR01076	CALDESMON	0.999999999994367	-5.63298279548929e-12	1	0	0	18	3454
PR00571	ENDOTHELINBR	0.999999999994367	-5.63298279548929e-12	1	0	0	18	3454
PR00839	V8PROTEASE	0.999999999994367	-5.63298279548929e-12	1	0	0	18	3454
PR00466	GP91PHOX	0.999999999994367	-5.63298279548929e-12	1	0	0	18	3454
PR00497	P40PHOX	0.999999999994367	-5.63298279548929e-12	1	0	0	18	3454
PR02052	ABRAXAS	0.999999999994367	-5.63298279548929e-12	1	0	0	18	3454
PR01223	BRIDEOF7LESS	0.999999999994367	-5.63298279548929e-12	1	0	0	18	3454
PR02106	INTSUBUNIT10	0.999999999994367	-5.63298279548929e-12	1	0	0	18	3454
PR00967	ONCOGENEAML1	0.999999999994367	-5.63298279548929e-12	1	0	0	18	3454
PR01569	P2Y12PRNCPTR	0.999999999994367	-5.63298279548929e-12	1	0	0	18	3454
PR01013	NRPEPTIDEY1R	0.999999999994367	-5.63298279548929e-12	1	0	0	18	3454
PR01791	REGUCALCIN	0.999999999994367	-5.63298279548929e-12	1	0	0	18	3454
PR01291	PROXISOMPAGR	0.999999999994367	-5.63298279548929e-12	1	0	0	18	3454
PR01977	IGFBPFAMILY1	0.999999999994367	-5.63298279548929e-12	1	0	0	18	3454
PR00350	VITAMINDR	0.999999999994367	-5.63298279548929e-12	1	0	0	18	3454
PR00582	PRSTNOIDEP3R	0.999999999994367	-5.63298279548929e-12	1	0	0	18	3454
PR01653	TCTPROTEIN	0.999999999994367	-5.63298279548929e-12	1	0	0	18	3454
PR01502	UXTPROTEIN	0.999999999994367	-5.63298279548929e-12	1	0	0	18	3454
PR00418	TPI2FAMILY	0.999999999994367	-5.63298279548929e-12	1	0	0	18	3454
PR00076	6PGDHDRGNASE	0.999999999994367	-5.63298279548929e-12	1	0	0	18	3454
PR01522	OREXIN2R	0.999999999994367	-5.63298279548929e-12	1	0	0	18	3454
PR02088	HAUSAUGMINL2	0.999999999994367	-5.63298279548929e-12	1	0	0	18	3454
PR00978	STARPROTEIN	0.999999999994367	-5.63298279548929e-12	1	0	0	18	3454
PR02032	DEXMETHSNEIP	0.999999999994367	-5.63298279548929e-12	1	0	0	18	3454
PR01332	KIR62CHANNEL	0.999999999994367	-5.63298279548929e-12	1	0	0	18	3454
PR01674	GLYRALPHA1	0.999999999994367	-5.63298279548929e-12	1	0	0	18	3454
PR01444	LATROPHILIN	0.999999999994367	-5.63298279548929e-12	1	0	0	18	3454
PR01603	VDCCGAMMA4	0.999999999994367	-5.63298279548929e-12	1	0	0	18	3454
PR00635	ANGIOTENSN1R	0.999999999994367	-5.63298279548929e-12	1	0	0	18	3454
PR01314	P2X7RECEPTOR	0.999999999994367	-5.63298279548929e-12	1	0	0	18	3454
PR01208	NAKCLTRSPRT1	0.999999999994367	-5.63298279548929e-12	1	0	0	18	3454
PR00604	CYTCHRMECIAB	0.999999999994367	-5.63298279548929e-12	1	0	0	18	3454
PR01778	KIMPTPASE	0.999999999994367	-5.63298279548929e-12	1	0	0	18	3454
PR00198	ANNEXINII	0.999999999994367	-5.63298279548929e-12	1	0	0	18	3454
PR01620	GABAARGAMMA	0.999999999994367	-5.63298279548929e-12	1	0	0	18	3454
PR01135	CONNEXINA5	0.999999999994367	-5.63298279548929e-12	1	0	0	18	3454
PR00202	ANNEXINVI	0.999999999994367	-5.63298279548929e-12	1	0	0	18	3454
PR01829	PROTACHYKNIN	0.999999999994367	-5.63298279548929e-12	1	0	0	18	3454
PR01524	EDG3RECEPTOR	0.999999999994367	-5.63298279548929e-12	1	0	0	18	3454
PR01145	TSHRECEPTOR	0.999999999994367	-5.63298279548929e-12	1	0	0	18	3454
PR00540	MUSCRINICM3R	0.999999999994367	-5.63298279548929e-12	1	0	0	18	3454
PR01833	VEGFRECEPTR1	0.999999999994367	-5.63298279548929e-12	1	0	0	18	3454
PR01449	BKCHANNELA	0.999999999994367	-5.63298279548929e-12	1	0	0	18	3454
PR01206	ORPHTRNSPORT	0.999999999994367	-5.63298279548929e-12	1	0	0	18	3454
PR01881	LBHPROTEIN	0.999999999994367	-5.63298279548929e-12	1	0	0	18	3454
PR01471	HISTAMINEH3R	0.999999999994367	-5.63298279548929e-12	1	0	0	18	3454
PR00627	GTPRANTC4	0.999999999994367	-5.63298279548929e-12	1	0	0	18	3454
PR01250	RIBOSOMALL34	0.999999999994367	-5.63298279548929e-12	1	0	0	18	3454
PR01150	MELATONIN1CR	0.999999999994367	-5.63298279548929e-12	1	0	0	18	3454
PR00447	NATRESASSCMP	0.999999999994367	-5.63298279548929e-12	1	0	0	18	3454
PR00795	RYANODINER	0.999999999994367	-5.63298279548929e-12	1	0	0	18	3454
PR00132	GLHYDRLASE2	0.999999999994367	-5.63298279548929e-12	1	0	0	18	3454
PR00188	PLANTGLOBIN	0.999999999994367	-5.63298279548929e-12	1	0	0	18	3454
PR00527	GASTRINR	0.999999999994367	-5.63298279548929e-12	1	0	0	18	3454
PR00984	TRNASYNTHILE	0.999999999994367	-5.63298279548929e-12	1	0	0	18	3454
PR00512	5HT1ARECEPTR	0.999999999994367	-5.63298279548929e-12	1	0	0	18	3454
PR00108	THYMDSNTHASE	0.999999999994367	-5.63298279548929e-12	1	0	0	18	3454
PR00640	GASTRINRELPR	0.999999999994367	-5.63298279548929e-12	1	0	0	18	3454
PR01000	SREBPS2PTASE	0.999999999994367	-5.63298279548929e-12	1	0	0	18	3454
PR00429	THROMBOXANER	0.999999999994367	-5.63298279548929e-12	1	0	0	18	3454
PR00552	ADENOSINEA1R	0.999999999994367	-5.63298279548929e-12	1	0	0	18	3454
PR00595	P2Y1PRNOCPTR	0.999999999994367	-5.63298279548929e-12	1	0	0	18	3454
PR00878	CHOLNESTRASE	0.999999999994367	-5.63298279548929e-12	1	0	0	18	3454
PR00867	DNAPOLG	0.999999999994367	-5.63298279548929e-12	1	0	0	18	3454
PR00386	P53SUPPRESSR	0.999999999994367	-5.63298279548929e-12	1	0	0	18	3454
PR01986	NOTCH3	0.999999999994367	-5.63298279548929e-12	1	0	0	18	3454
PR01738	RNABINDINGM8	0.999999999994367	-5.63298279548929e-12	1	0	0	18	3454
PR00541	MUSCRINICM4R	0.999999999994367	-5.63298279548929e-12	1	0	0	18	3454
PR01117	CLCHANNEL6	0.999999999994367	-5.63298279548929e-12	1	0	0	18	3454
PR01662	MCMPROTEIN6	0.999999999994367	-5.63298279548929e-12	1	0	0	18	3454
PR00274	GLYCOHORMONE	0.999999999994367	-5.63298279548929e-12	1	0	0	18	3454
PR01719	MHCIIACTVATR	0.999999999994367	-5.63298279548929e-12	1	0	0	18	3454
PR01824	JANUSKINASE1	0.999999999994367	-5.63298279548929e-12	1	0	0	18	3454
PR02105	INTSUBUNIT2	0.999999999994367	-5.63298279548929e-12	1	0	0	18	3454
PR01132	CONNEXINA1	0.999999999994367	-5.63298279548929e-12	1	0	0	18	3454
PR01178	GABAB2RECPTR	0.999999999994367	-5.63298279548929e-12	1	0	0	18	3454
PR01266	GSTRNSFRASEA	0.999999999994367	-5.63298279548929e-12	1	0	0	18	3454
PR00613	MYOGLOBIN	0.999999999994367	-5.63298279548929e-12	1	0	0	18	3454
PR01583	KV34CHANNEL	0.999999999994367	-5.63298279548929e-12	1	0	0	18	3454
PR01290	PROXISOMPABR	0.999999999994367	-5.63298279548929e-12	1	0	0	18	3454
PR00060	RIBOSOMALL16	0.999999999994367	-5.63298279548929e-12	1	0	0	18	3454
PR00270	CALCITONINA	0.999999999994367	-5.63298279548929e-12	1	0	0	18	3454
PR00297	CHAPERONIN10	0.999999999994367	-5.63298279548929e-12	1	0	0	18	3454
PR00343	SELECTIN	0.999999999994367	-5.63298279548929e-12	1	0	0	18	3454
PR00779	INSP3RECEPTR	0.999999999994367	-5.63298279548929e-12	1	0	0	18	3454
PR01418	GALANIN1R	0.999999999994367	-5.63298279548929e-12	1	0	0	18	3454
PR01218	PSTLEXTENSIN	0.999999999994367	-5.63298279548929e-12	1	0	0	18	3454
PR01949	INTLKN15FISH	0.999999999994367	-5.63298279548929e-12	1	0	0	18	3454
PR01696	LCACHANNELB3	0.999999999994367	-5.63298279548929e-12	1	0	0	18	3454
PR01969	TNFACTORR19	0.999999999994367	-5.63298279548929e-12	1	0	0	18	3454
PR00410	PHEHYDRXLASE	0.999999999994367	-5.63298279548929e-12	1	0	0	18	3454
PR02040	CDK2IP	0.999999999994367	-5.63298279548929e-12	1	0	0	18	3454
PR01822	CCYSTOKININR	0.999999999994367	-5.63298279548929e-12	1	0	0	18	3454
PR01749	AP2ATNSCPFCT	0.999999999994367	-5.63298279548929e-12	1	0	0	18	3454
PR00144	DALDHYDRTASE	0.999999999994367	-5.63298279548929e-12	1	0	0	18	3454
PR00110	ALPHAAMYLASE	0.999999999994367	-5.63298279548929e-12	1	0	0	18	3454
PR00979	TAFAZZIN	0.999999999994367	-5.63298279548929e-12	1	0	0	18	3454
PR00975	RIBOSOMALS19	0.999999999994367	-5.63298279548929e-12	1	0	0	18	3454
PR01034	RIBOSOMALS12	0.999999999994367	-5.63298279548929e-12	1	0	0	18	3454
PR01050	PYRUVTKNASE	0.999999999994367	-5.63298279548929e-12	1	0	0	18	3454
PR01155	VIP2RECEPTOR	0.999999999994367	-5.63298279548929e-12	1	0	0	18	3454
PR00817	CALCITONINB	0.999999999994367	-5.63298279548929e-12	1	0	0	18	3454
PR02053	BRISCABRO1	0.999999999994367	-5.63298279548929e-12	1	0	0	18	3454
PR01031	ORPHNNPRCRSR	0.999999999994367	-5.63298279548929e-12	1	0	0	18	3454
PR00791	PEPDIPTASEA	0.999999999994367	-5.63298279548929e-12	1	0	0	18	3454
PR01356	GFGPROTEIN	0.999999999994367	-5.63298279548929e-12	1	0	0	18	3454
PR02083	GKINASEAP1	0.999999999994367	-5.63298279548929e-12	1	0	0	18	3454
PR01222	ATROPHIN	0.999999999994367	-5.63298279548929e-12	1	0	0	18	3454
PR00491	VASOACTVEIPR	0.999999999994367	-5.63298279548929e-12	1	0	0	18	3454
PR00666	PINOPSIN	0.999999999994367	-5.63298279548929e-12	1	0	0	18	3454
PR00197	ANNEXINI	0.999999999994367	-5.63298279548929e-12	1	0	0	18	3454
PR01992	GPR153	0.999999999994367	-5.63298279548929e-12	1	0	0	18	3454
PR01901	WIFPROTEIN	0.999999999994367	-5.63298279548929e-12	1	0	0	18	3454
PR02044	FIBROSIN1LPF	0.999999999994367	-5.63298279548929e-12	1	0	0	18	3454
PR01688	EP450ICYP2J	0.999999999994367	-5.63298279548929e-12	1	0	0	18	3454
PR00868	DNAPOLI	0.999999999994367	-5.63298279548929e-12	1	0	0	18	3454
PR00649	GPR6ORPHANR	0.999999999994367	-5.63298279548929e-12	1	0	0	18	3454
PR00982	TRNASYNTHLYS	0.999999999994367	-5.63298279548929e-12	1	0	0	18	3454
PR00528	GLCORTICOIDR	0.999999999994367	-5.63298279548929e-12	1	0	0	18	3454
PR00296	CYCLINKINASE	0.999999999994367	-5.63298279548929e-12	1	0	0	18	3454
PR01860	ADAMTS5	0.999999999994367	-5.63298279548929e-12	1	0	0	18	3454
PR00715	MAN6PRECEPTR	0.999999999994367	-5.63298279548929e-12	1	0	0	18	3454
PR01793	VDCCGAMMA5	0.999999999994367	-5.63298279548929e-12	1	0	0	18	3454
PR00312	CALSEQUESTRN	0.999999999994367	-5.63298279548929e-12	1	0	0	18	3454
PR01572	NPFFRECEPTR2	0.999999999994367	-5.63298279548929e-12	1	0	0	18	3454
PR01093	SULFNYLUR1	0.999999999994367	-5.63298279548929e-12	1	0	0	18	3454
PR01230	NACLTRNSPORT	0.999999999994367	-5.63298279548929e-12	1	0	0	18	3454
PR01258	OCCLUDIN	0.999999999994367	-5.63298279548929e-12	1	0	0	18	3454
PR00115	F16BPHPHTASE	0.999999999994367	-5.63298279548929e-12	1	0	0	18	3454
PR00904	FRATAXIN	0.999999999994367	-5.63298279548929e-12	1	0	0	18	3454
PR02042	CCSMST1	0.999999999994367	-5.63298279548929e-12	1	0	0	18	3454
PR00893	RABESCORT	0.999999999994367	-5.63298279548929e-12	1	0	0	18	3454
PR00066	XRODRMPGMNTG	0.999999999994367	-5.63298279548929e-12	1	0	0	18	3454
PR01970	TNFACTORR19L	0.999999999994367	-5.63298279548929e-12	1	0	0	18	3454
PR01672	GABAARRHO2	0.999999999994367	-5.63298279548929e-12	1	0	0	18	3454
PR01433	POLYCYSTIN2	0.999999999994367	-5.63298279548929e-12	1	0	0	18	3454
PR00990	RIBOKINASE	0.999999999994367	-5.63298279548929e-12	1	0	0	18	3454
PR01532	CXCCHMKINER3	0.999999999994367	-5.63298279548929e-12	1	0	0	18	3454
PR02038	AURORABORA	0.999999999994367	-5.63298279548929e-12	1	0	0	18	3454
PR00530	HISTAMINEH1R	0.999999999994367	-5.63298279548929e-12	1	0	0	18	3454
PR01351	CGRPRECEPTOR	0.999999999994367	-5.63298279548929e-12	1	0	0	18	3454
PR00980	TRNASYNTHALA	0.999999999994367	-5.63298279548929e-12	1	0	0	18	3454
PR01601	VDCCGAMMA1	0.999999999994367	-5.63298279548929e-12	1	0	0	18	3454
PR01516	KV41CHANNEL	0.999999999994367	-5.63298279548929e-12	1	0	0	18	3454
PR00843	GLHYDRLASE30	0.999999999994367	-5.63298279548929e-12	1	0	0	18	3454
PR00494	FANCONICGENE	0.999999999994367	-5.63298279548929e-12	1	0	0	18	3454
PR01331	KIR61CHANNEL	0.999999999994367	-5.63298279548929e-12	1	0	0	18	3454
PR00322	G10	0.999999999994367	-5.63298279548929e-12	1	0	0	18	3454
PR01432	RABAPTIN	0.999999999994367	-5.63298279548929e-12	1	0	0	18	3454
PR01426	TGFBETA3	0.999999999994367	-5.63298279548929e-12	1	0	0	18	3454
PR00168	KCNECHANNEL	0.999999999994367	-5.63298279548929e-12	1	0	0	18	3454
PR01257	OTX2HOMEOBOX	0.999999999994367	-5.63298279548929e-12	1	0	0	18	3454
PR00339	PCNACYCLIN	0.999999999994367	-5.63298279548929e-12	1	0	0	18	3454
PR00838	V5ALLERGEN	0.999999999994367	-5.63298279548929e-12	1	0	0	18	3454
PR00477	PHGLYCKINASE	0.999999999994367	-5.63298279548929e-12	1	0	0	18	3454
PR01224	DELTATUBULIN	0.999999999994367	-5.63298279548929e-12	1	0	0	18	3454
PR02094	HEXIMFAMILY	0.999999999994367	-5.63298279548929e-12	1	0	0	18	3454
PR01234	TNECROSISFCT	0.999999999994367	-5.63298279548929e-12	1	0	0	18	3454
PR00719	LMWPTPASE	0.999999999994367	-5.63298279548929e-12	1	0	0	18	3454
PR01815	BACEFAMILY	0.999999999994367	-5.63298279548929e-12	1	0	0	18	3454
PR01819	DESMOGLEIN	0.999999999994367	-5.63298279548929e-12	1	0	0	18	3454
PR01268	GSTRNSFRASEP	0.999999999994367	-5.63298279548929e-12	1	0	0	18	3454
PR01479	NEUROTENSINR	0.999999999994367	-5.63298279548929e-12	1	0	0	18	3454
PR01845	WNT6PROTEIN	0.999999999994367	-5.63298279548929e-12	1	0	0	18	3454
PR00722	CHYMOTRYPSIN	0.999999999994448	-5.55200367262871e-12	21	0	0	18	3454
PR00177	NMDARECEPTOR	0.999999999994448	-5.55200367262871e-12	21	0	0	18	3454
PR00870	DNAPOLXBETA	0.999999999995064	-4.93616413138587e-12	2	0	0	18	3454
PR01096	TWIK1CHANNEL	0.999999999995064	-4.93616413138587e-12	2	0	0	18	3454
PR00850	GLHYDRLASE59	0.999999999995064	-4.93616413138587e-12	2	0	0	18	3454
PR00078	G3PDHDRGNASE	0.999999999995064	-4.93616413138587e-12	2	0	0	18	3454
PR01978	IGFBPFAMILY2	0.999999999995064	-4.93616413138587e-12	2	0	0	18	3454
PR01039	TRNASYNTHTRP	0.999999999995064	-4.93616413138587e-12	2	0	0	18	3454
PR00836	SOMATOTROPIN	0.999999999995064	-4.93616413138587e-12	2	0	0	18	3454
PR00104	CGMPKINASE	0.999999999995064	-4.93616413138587e-12	2	0	0	18	3454
PR00498	P47PHOX	0.999999999995064	-4.93616413138587e-12	2	0	0	18	3454
PR02056	PROTEINF105A	0.999999999995064	-4.93616413138587e-12	2	0	0	18	3454
PR01611	LIMPII	0.999999999995064	-4.93616413138587e-12	2	0	0	18	3454
PR01741	SEPTIN3	0.999999999995064	-4.93616413138587e-12	2	0	0	18	3454
PR00529	GNADOTRPHINR	0.999999999995064	-4.93616413138587e-12	2	0	0	18	3454
PR00378	LIIMPHPHTASE	0.999999999995064	-4.93616413138587e-12	2	0	0	18	3454
PR00082	GLFDHDRGNASE	0.999999999995064	-4.93616413138587e-12	2	0	0	18	3454
PR02078	GATSLIKEFMLY	0.999999999995064	-4.93616413138587e-12	2	0	0	18	3454
PR02006	INSLNLIKEGF2	0.999999999995064	-4.93616413138587e-12	2	0	0	18	3454
PR01459	KCNQCHANNEL	0.999999999995064	-4.93616413138587e-12	2	0	0	18	3454
PR00983	TRNASYNTHCYS	0.999999999995064	-4.93616413138587e-12	2	0	0	18	3454
PR00373	GLYCHORMONER	0.999999999995064	-4.93616413138587e-12	2	0	0	18	3454
PR01843	WNT3PROTEIN	0.999999999995064	-4.93616413138587e-12	2	0	0	18	3454
PR00831	NEUROPHYSIN	0.999999999995064	-4.93616413138587e-12	2	0	0	18	3454
PR00056	HSFDOMAIN	0.999999999995064	-4.93616413138587e-12	2	0	0	18	3454
PR00553	ADENOSINA2AR	0.999999999995064	-4.93616413138587e-12	2	0	0	18	3454
PR01984	NOTCH1	0.999999999995064	-4.93616413138587e-12	2	0	0	18	3454
PR00247	GPCRCAMP	0.999999999995064	-4.93616413138587e-12	2	0	0	18	3454
PR00677	PHOSDUCIN	0.999999999995064	-4.93616413138587e-12	2	0	0	18	3454
PR00767	DBMONOXGNASE	0.999999999995064	-4.93616413138587e-12	2	0	0	18	3454
PR00814	BETAHAEM	0.999999999995064	-4.93616413138587e-12	2	0	0	18	3454
PR01195	GAT1TRNSPORT	0.999999999995064	-4.93616413138587e-12	2	0	0	18	3454
PR01989	EUOM20RECPTR	0.999999999995064	-4.93616413138587e-12	2	0	0	18	3454
PR01024	NEUROKININ1R	0.999999999995064	-4.93616413138587e-12	2	0	0	18	3454
PR01052	MTABOTROPC2R	0.999999999995064	-4.93616413138587e-12	2	0	0	18	3454
PR01543	ANATRNSFRASE	0.999999999995064	-4.93616413138587e-12	2	0	0	18	3454
PR00492	RHOGDI	0.999999999995064	-4.93616413138587e-12	2	0	0	18	3454
PR01026	NEUROKININ3R	0.999999999995064	-4.93616413138587e-12	2	0	0	18	3454
PR00569	DOPAMINED4R	0.999999999995064	-4.93616413138587e-12	2	0	0	18	3454
PR00204	BETAAMYLOID	0.999999999995064	-4.93616413138587e-12	2	0	0	18	3454
PR00355	ADRENODOXIN	0.999999999995064	-4.93616413138587e-12	2	0	0	18	3454
PR01835	VEGFRECEPTR3	0.999999999995064	-4.93616413138587e-12	2	0	0	18	3454
PR00068	CUZNDISMTASE	0.999999999995064	-4.93616413138587e-12	2	0	0	18	3454
PR02068	VOPPROTEIN1	0.999999999995064	-4.93616413138587e-12	2	0	0	18	3454
PR00652	5HT7RECEPTR	0.999999999995064	-4.93616413138587e-12	2	0	0	18	3454
PR00686	TIFACTORIID	0.999999999995064	-4.93616413138587e-12	2	0	0	18	3454
PR01742	SEPTIN7	0.999999999995064	-4.93616413138587e-12	2	0	0	18	3454
PR01728	KISS1RECEPTR	0.999999999995064	-4.93616413138587e-12	2	0	0	18	3454
PR00417	PRTPISMRASEI	0.999999999995064	-4.93616413138587e-12	2	0	0	18	3454
PR00716	MPIPHPHTASE	0.999999999995064	-4.93616413138587e-12	2	0	0	18	3454
PR01038	TRNASYNTHARG	0.999999999995064	-4.93616413138587e-12	2	0	0	18	3454
PR01425	TGFBETA2	0.999999999995064	-4.93616413138587e-12	2	0	0	18	3454
PR00712	BNATPEPTIDE	0.999999999995064	-4.93616413138587e-12	2	0	0	18	3454
PR01014	NRPEPTIDEY2R	0.999999999995064	-4.93616413138587e-12	2	0	0	18	3454
PR00070	DHFR	0.999999999995064	-4.93616413138587e-12	2	0	0	18	3454
PR00275	GLUCAGON	0.999999999995064	-4.93616413138587e-12	2	0	0	18	3454
PR01698	CYTOFMRPINTP	0.999999999995064	-4.93616413138587e-12	2	0	0	18	3454
PR00511	TEKTIN	0.999999999995064	-4.93616413138587e-12	2	0	0	18	3454
PR01055	MTABOTROPC5R	0.999999999995064	-4.93616413138587e-12	2	0	0	18	3454
PR00428	PROSTAGLNDNR	0.999999999995064	-4.93616413138587e-12	2	0	0	18	3454
PR00629	SHCPIDOMAIN	0.999999999995064	-4.93616413138587e-12	2	0	0	18	3454
PR00776	HEMOGLOBNASE	0.999999999995064	-4.93616413138587e-12	2	0	0	18	3454
PR01041	TRNASYNTHMET	0.999999999995064	-4.93616413138587e-12	2	0	0	18	3454
PR00981	TRNASYNTHSER	0.999999999995064	-4.93616413138587e-12	2	0	0	18	3454
PR01950	LANCSUPER	0.999999999995064	-4.93616413138587e-12	2	0	0	18	3454
PR00131	GLHYDRLASE1	0.999999999995064	-4.93616413138587e-12	2	0	0	18	3454
PR01174	RETINOLBNDNG	0.999999999995064	-4.93616413138587e-12	2	0	0	18	3454
PR01667	NACHANNEL8	0.999999999995064	-4.93616413138587e-12	2	0	0	18	3454
PR00058	RIBOSOMALL5	0.999999999995064	-4.93616413138587e-12	2	0	0	18	3454
PR01210	GGTRANSPTASE	0.999999999995064	-4.93616413138587e-12	2	0	0	18	3454
PR00151	PORPHBDMNASE	0.999999999995064	-4.93616413138587e-12	2	0	0	18	3454
PR01018	PRPRECEPTOR	0.999999999995064	-4.93616413138587e-12	2	0	0	18	3454
PR00395	RIBOSOMALS2	0.999999999995064	-4.93616413138587e-12	2	0	0	18	3454
PR00147	DNAPHOTLYASE	0.999999999995064	-4.93616413138587e-12	2	0	0	18	3454
PR02061	WOLFRAMIN	0.999999999995064	-4.93616413138587e-12	2	0	0	18	3454
PR01029	PENKAPRCRSR	0.999999999995064	-4.93616413138587e-12	2	0	0	18	3454
PR01546	YEAST73DUF	0.999999999995064	-4.93616413138587e-12	2	0	0	18	3454
PR00800	YHDCRBOXLASE	0.999999999995064	-4.93616413138587e-12	2	0	0	18	3454
PR01851	CYSFIBREGLTR	0.999999999995064	-4.93616413138587e-12	2	0	0	18	3454
PR00212	MYELINMBP	0.999999999995064	-4.93616413138587e-12	2	0	0	18	3454
PR01981	IGFBPFAMILY5	0.999999999995064	-4.93616413138587e-12	2	0	0	18	3454
PR01871	ANNEXINVII	0.999999999995064	-4.93616413138587e-12	2	0	0	18	3454
PR01051	MTABOTROPC1R	0.999999999995064	-4.93616413138587e-12	2	0	0	18	3454
PR01818	DESMOCADHERN	0.999999999995064	-4.93616413138587e-12	2	0	0	18	3454
PR00834	PROTEASES2C	0.999999999995064	-4.93616413138587e-12	2	0	0	18	3454
PR00443	GPROTEINAS	0.999999999995064	-4.93616413138587e-12	2	0	0	18	3454
PR00383	MELANOCORTIN	0.999999999995064	-4.93616413138587e-12	2	0	0	18	3454
PR01966	TNFACTORR16	0.999999999995064	-4.93616413138587e-12	2	0	0	18	3454
PR00587	SOMATOSTTN1R	0.999999999995064	-4.93616413138587e-12	2	0	0	18	3454
PR00130	DNASEI	0.999999999995064	-4.93616413138587e-12	2	0	0	18	3454
PR01321	KIR11CHANNEL	0.999999999995064	-4.93616413138587e-12	2	0	0	18	3454
PR00828	FORMIN	0.999999999995064	-4.93616413138587e-12	2	0	0	18	3454
PR02055	PROTEINF105	0.999999999995064	-4.93616413138587e-12	2	0	0	18	3454
PR01310	P2X3RECEPTOR	0.999999999995064	-4.93616413138587e-12	2	0	0	18	3454
PR01325	KIR22CHANNEL	0.999999999995064	-4.93616413138587e-12	2	0	0	18	3454
PR00727	LEADERPTASE	0.999999999995064	-4.93616413138587e-12	2	0	0	18	3454
PR01785	PARAOXONASE	0.999999999995064	-4.93616413138587e-12	2	0	0	18	3454
PR01768	TRPVRECEPTOR	0.999999999995064	-4.93616413138587e-12	2	0	0	18	3454
PR01770	ERK1ERK2MAPK	0.999999999995064	-4.93616413138587e-12	2	0	0	18	3454
PR01951	LANCEUKARYTE	0.999999999995064	-4.93616413138587e-12	2	0	0	18	3454
PR00075	FACDDSATRASE	0.999999999995064	-4.93616413138587e-12	2	0	0	18	3454
PR00773	GRPEPROTEIN	0.999999999995064	-4.93616413138587e-12	2	0	0	18	3454
PR02084	GOLM1CASC4	0.999999999995064	-4.93616413138587e-12	2	0	0	18	3454
PR01574	TUBBYPROTEIN	0.999999999995064	-4.93616413138587e-12	2	0	0	18	3454
PR00738	GLHYDRLASE20	0.999999999995064	-4.93616413138587e-12	2	0	0	18	3454
PR01156	PACAPRECEPTR	0.999999999995064	-4.93616413138587e-12	2	0	0	18	3454
PR01148	EDG2RECEPTOR	0.999999999995064	-4.93616413138587e-12	2	0	0	18	3454
PR00071	HMGCOARDTASE	0.999999999995064	-4.93616413138587e-12	2	0	0	18	3454
PR01470	ERGCHANNEL	0.999999999995064	-4.93616413138587e-12	2	0	0	18	3454
PR00986	TRNASYNTHVAL	0.999999999995064	-4.93616413138587e-12	2	0	0	18	3454
PR01289	PROXISOMPAAR	0.999999999995064	-4.93616413138587e-12	2	0	0	18	3454
PR00908	THROMBINR	0.999999999995064	-4.93616413138587e-12	2	0	0	18	3454
PR01625	GSTRNSFRASEO	0.999999999995064	-4.93616413138587e-12	2	0	0	18	3454
PR00616	CCAATSUBUNTB	0.999999999995064	-4.93616413138587e-12	2	0	0	18	3454
PR01092	SULFNYLUREAR	0.999999999995064	-4.93616413138587e-12	2	0	0	18	3454
PR01072	PRESENILIN	0.999999999995064	-4.93616413138587e-12	2	0	0	18	3454
PR00072	MALOXRDTASE	0.999999999995064	-4.93616413138587e-12	2	0	0	18	3454
PR01500	TROPOELASTIN	0.999999999995064	-4.93616413138587e-12	2	0	0	18	3454
PR01909	ADSPHPHTASEA	0.999999999995064	-4.93616413138587e-12	2	0	0	18	3454
PR02073	FOLLICULNIP1	0.999999999995064	-4.93616413138587e-12	2	0	0	18	3454
PR00029	OCTAMER	0.999999999995064	-4.93616413138587e-12	2	0	0	18	3454
PR01906	FISHGLOBIN	0.999999999995064	-4.93616413138587e-12	2	0	0	18	3454
PR01866	APOPREGMCL1	0.999999999995064	-4.93616413138587e-12	2	0	0	18	3454
PR01586	TWIKCHANNEL	0.999999999995064	-4.93616413138587e-12	2	0	0	18	3454
PR00351	OM20RECEPTOR	0.999999999995064	-4.93616413138587e-12	2	0	0	18	3454
PR00146	DHPICSNTHASE	0.999999999995064	-4.93616413138587e-12	2	0	0	18	3454
PR00366	ENDOTHELINR	0.999999999995064	-4.93616413138587e-12	2	0	0	18	3454
PR01641	PROMCHFAMILY	0.999999999995064	-4.93616413138587e-12	2	0	0	18	3454
PR00713	CNATPEPTIDE	0.999999999995064	-4.93616413138587e-12	2	0	0	18	3454
PR01740	SEPTIN2	0.999999999995064	-4.93616413138587e-12	2	0	0	18	3454
PR01476	LTBRECEPTOR	0.999999999995064	-4.93616413138587e-12	2	0	0	18	3454
PR01040	TRNASYNTHTYR	0.999999999995064	-4.93616413138587e-12	2	0	0	18	3454
PR01848	U2AUXFACTOR	0.999999999995064	-4.93616413138587e-12	2	0	0	18	3454
PR00362	CANNABINOIDR	0.999999999995064	-4.93616413138587e-12	2	0	0	18	3454
PR00079	G6PDHDRGNASE	0.999999999995064	-4.93616413138587e-12	2	0	0	18	3454
PR00473	GALCTOKINASE	0.999999999995064	-4.93616413138587e-12	2	0	0	18	3454
PR01677	GLYRBETA	0.999999999995064	-4.93616413138587e-12	2	0	0	18	3454
PR00869	DNAPOLX	0.999999999995064	-4.93616413138587e-12	2	0	0	18	3454
PR00346	TISSUEFACTOR	0.999999999995064	-4.93616413138587e-12	2	0	0	18	3454
PR01125	FMOXYGENASE5	0.999999999995064	-4.93616413138587e-12	2	0	0	18	3454
PR01884	MALPROTEIN	0.999999999995064	-4.93616413138587e-12	2	0	0	18	3454
PR02095	TRNSPORTRHRG	0.999999999995064	-4.93616413138587e-12	2	0	0	18	3454
PR01692	LIPOCALINIMR	0.999999999995064	-4.93616413138587e-12	2	0	0	18	3454
PR00740	GLHYDRLASE27	0.999999999995064	-4.93616413138587e-12	2	0	0	18	3454
PR00105	C5METTRFRASE	0.999999999995064	-4.93616413138587e-12	2	0	0	18	3454
PR01527	LPARECEPTOR	0.999999999995064	-4.93616413138587e-12	2	0	0	18	3454
PR00752	VASOPRSNV1AR	0.999999999995064	-4.93616413138587e-12	2	0	0	18	3454
PR00662	G6PISOMERASE	0.999999999995064	-4.93616413138587e-12	2	0	0	18	3454
PR00191	FACTINCAPA	0.999999999995064	-4.93616413138587e-12	2	0	0	18	3454
PR01610	CD36ANTIGEN	0.999999999995064	-4.93616413138587e-12	2	0	0	18	3454
PR01612	CRFFAMILY	0.999999999995064	-4.93616413138587e-12	2	0	0	18	3454
PR00989	ADENOKINASE	0.999999999995064	-4.93616413138587e-12	2	0	0	18	3454
PR01465	ELKCHANNEL	0.999999999995064	-4.93616413138587e-12	2	0	0	18	3454
PR01683	EP450ICYP1A	0.999999999995064	-4.93616413138587e-12	2	0	0	18	3454
PR00579	RHODOPSIN	0.999999999995064	-4.93616413138587e-12	2	0	0	18	3454
PR00659	CHROMOGRANIN	0.999999999995064	-4.93616413138587e-12	2	0	0	18	3454
PR00856	PRSTNOIDIPR	0.999999999995064	-4.93616413138587e-12	2	0	0	18	3454
PR00862	PROLIGOPTASE	0.999999999995064	-4.93616413138587e-12	2	0	0	18	3454
PR00560	ADRENRGCA2CR	0.999999999995064	-4.93616413138587e-12	2	0	0	18	3454
PR00789	OSIALOPTASE	0.999999999995064	-4.93616413138587e-12	2	0	0	18	3454
PR01771	ERK3ERK4MAPK	0.999999999995064	-4.93616413138587e-12	2	0	0	18	3454
PR00488	5LPOXGNASEAP	0.999999999995064	-4.93616413138587e-12	2	0	0	18	3454
PR00710	NATPEPTIDES	0.999999999995064	-4.93616413138587e-12	2	0	0	18	3454
PR00676	MASPIN	0.999999999995064	-4.93616413138587e-12	2	0	0	18	3454
PR00589	SOMATOSTTN3R	0.999999999995064	-4.93616413138587e-12	2	0	0	18	3454
PR01584	TASK1CHANNEL	0.999999999995064	-4.93616413138587e-12	2	0	0	18	3454
PR01509	KV12CHANNEL	0.999999999995064	-4.93616413138587e-12	2	0	0	18	3454
PR01508	KV11CHANNEL	0.999999999995064	-4.93616413138587e-12	2	0	0	18	3454
PR01797	SAPOSIN	0.999999999995064	-4.93616413138587e-12	2	0	0	18	3454
PR00887	SSRCOGNITION	0.999999999995064	-4.93616413138587e-12	2	0	0	18	3454
PR02060	WOLFFAMILY	0.999999999995064	-4.93616413138587e-12	2	0	0	18	3454
PR01200	TAUTRANSPORT	0.999999999995064	-4.93616413138587e-12	2	0	0	18	3454
PR00241	ANGIOTENSINR	0.999999999995064	-4.93590089307059e-12	9	0	0	18	3454
PR00242	DOPAMINER	0.999999999995064	-4.93590089307059e-12	9	0	0	18	3454
PR00657	CCCHEMOKINER	0.999999999995064	-4.93590089307059e-12	9	0	0	18	3454
PR00759	BASICPTASE	0.999999999995064	-4.93590089307059e-12	9	0	0	18	3454
PR00001	GLABLOOD	0.999999999995064	-4.93590089307059e-12	9	0	0	18	3454
PR01270	HDASUPER	0.999999999995064	-4.93590089307059e-12	9	0	0	18	3454
PR01101	5HTRECEPTOR	0.999999999995064	-4.93590089307059e-12	9	0	0	18	3454
PR00597	GELSOLIN	0.999999999995064	-4.93590089307059e-12	9	0	0	18	3454
PR00304	TCOMPLEXTCP1	0.999999999995064	-4.93590089307059e-12	9	0	0	18	3454
PR00219	SYNAPTOBREVN	0.999999999995064	-4.93590089307059e-12	9	0	0	18	3454
PR00315	ELONGATNFCT	0.999999999995657	-4.34270490311201e-12	20	0	0	18	3454
PR00454	ETSDOMAIN	0.999999999995657	-4.34270490311201e-12	20	0	0	18	3454
PR00149	FUMRATELYASE	0.999999999995714	-4.28632310003382e-12	4	0	0	18	3454
PR01149	MELATONIN1AR	0.999999999995714	-4.28632310003382e-12	4	0	0	18	3454
PR01232	NAHCO3TRSPRT	0.999999999995714	-4.28632310003382e-12	4	0	0	18	3454
PR01081	KCLTRNSPORT	0.999999999995714	-4.28632310003382e-12	4	0	0	18	3454
PR01160	GABAARBETA	0.999999999995714	-4.28632310003382e-12	4	0	0	18	3454
PR00424	ADENOSINER	0.999999999995714	-4.28632310003382e-12	4	0	0	18	3454
PR01130	DERENTRNSPRT	0.999999999995714	-4.28632310003382e-12	4	0	0	18	3454
PR00372	FYWHYDRXLASE	0.999999999995714	-4.28632310003382e-12	4	0	0	18	3454
PR00440	GPROTEINA12	0.999999999995714	-4.28632310003382e-12	4	0	0	18	3454
PR01276	TYPE2KERATIN	0.999999999995714	-4.28632310003382e-12	4	0	0	18	3454
PR01464	EAGCHANNEL	0.999999999995714	-4.28632310003382e-12	4	0	0	18	3454
PR00644	GPRORPHANR	0.999999999995714	-4.28632310003382e-12	4	0	0	18	3454
PR00786	NEPRILYSIN	0.999999999995714	-4.28632310003382e-12	4	0	0	18	3454
PR00632	SONICHHOG	0.999999999995714	-4.28632310003382e-12	4	0	0	18	3454
PR00185	EUKARYTPORIN	0.999999999995714	-4.28632310003382e-12	4	0	0	18	3454
PR01079	GABAARALPHA	0.999999999995714	-4.28632310003382e-12	4	0	0	18	3454
PR00721	STOMATIN	0.999999999995714	-4.28632310003382e-12	4	0	0	18	3454
PR00963	MARCKS	0.999999999995714	-4.28632310003382e-12	4	0	0	18	3454
PR02059	JAGGEDFAMILY	0.999999999995714	-4.28632310003382e-12	4	0	0	18	3454
PR01939	NTKRECEPTOR	0.999999999995714	-4.28632310003382e-12	4	0	0	18	3454
PR00930	HIGHMOBLTYIY	0.999999999995714	-4.28632310003382e-12	4	0	0	18	3454
PR01869	BCATNINFAMLY	0.999999999995714	-4.28632310003382e-12	4	0	0	18	3454
PR00891	RABGDIREP	0.999999999995714	-4.28632310003382e-12	4	0	0	18	3454
PR01807	ANGIOMOTIN	0.999999999995714	-4.28632310003382e-12	4	0	0	18	3454
PR00276	INSULINFAMLY	0.999999999995714	-4.28632310003382e-12	4	0	0	18	3454
PR01638	MHCCLASSI	0.999999999995714	-4.28632310003382e-12	4	0	0	18	3454
PR00612	ALPHAHAEM	0.999999999995714	-4.28632310003382e-12	4	0	0	18	3454
PR01523	S1PRECEPTOR	0.999999999995714	-4.28632310003382e-12	4	0	0	18	3454
PR00179	LIPOCALIN	0.999999999995714	-4.28632310003382e-12	4	0	0	18	3454
PR01609	CD36FAMILY	0.999999999995714	-4.28632310003382e-12	4	0	0	18	3454
PR01891	WNT7PROTEIN	0.999999999995714	-4.28632310003382e-12	4	0	0	18	3454
PR00881	L7ARS6FAMILY	0.999999999995714	-4.28632310003382e-12	4	0	0	18	3454
PR01577	KCNABCHANNEL	0.999999999995714	-4.28632310003382e-12	4	0	0	18	3454
PR01499	TREKCHANNEL	0.999999999995714	-4.28632310003382e-12	4	0	0	18	3454
PR00509	PGMPMM	0.999999999995714	-4.28632310003382e-12	4	0	0	18	3454
PR00707	UBCTHYDRLASE	0.999999999995714	-4.28632310003382e-12	4	0	0	18	3454
PR00148	ENOLASE	0.999999999995714	-4.28632310003382e-12	4	0	0	18	3454
PR00469	PNDRDTASEII	0.999999999995714	-4.28632310003382e-12	4	0	0	18	3454
PR00775	HEATSHOCK90	0.999999999995714	-4.28632310003382e-12	4	0	0	18	3454
PR00623	HISTONEH4	0.999999999995714	-4.28632310003382e-12	4	0	0	18	3454
PR00023	ZPELLUCIDA	0.999999999995714	-4.28632310003382e-12	4	0	0	18	3454
PR01772	JNKMAPKINASE	0.999999999995714	-4.28632310003382e-12	4	0	0	18	3454
PR01428	PROTEASEAR	0.999999999995714	-4.28632310003382e-12	4	0	0	18	3454
PR00044	LEUZIPPRMYC	0.999999999995714	-4.28632310003382e-12	4	0	0	18	3454
PR01849	UBIQUITINACT	0.999999999995714	-4.28632310003382e-12	4	0	0	18	3454
PR00846	GLHYDRLASE56	0.999999999995714	-4.28632310003382e-12	4	0	0	18	3454
PR00645	CXCCHMKINER4	0.999999999995714	-4.28632310003382e-12	4	0	0	18	3454
PR01307	P2XRECEPTOR	0.999999999995714	-4.28632310003382e-12	4	0	0	18	3454
PR01846	TRHRFAMILY	0.999999999995714	-4.28632310003382e-12	4	0	0	18	3454
PR00057	NFKBTNSCPFCT	0.999999999995714	-4.28632310003382e-12	4	0	0	18	3454
PR01850	GROUCHOFAMLY	0.999999999995714	-4.28632310003382e-12	4	0	0	18	3454
PR00480	ASTACIN	0.999999999995714	-4.28632310003382e-12	4	0	0	18	3454
PR00422	TRANSFERRIN	0.999999999995714	-4.28632310003382e-12	4	0	0	18	3454
PR00026	ENGRAILED	0.999999999995714	-4.28632310003382e-12	4	0	0	18	3454
PR00751	THYROLIBRINR	0.999999999995714	-4.28632310003382e-12	4	0	0	18	3454
PR01154	VIP1RECEPTOR	0.999999999995714	-4.28632310003382e-12	4	0	0	18	3454
PR00448	NSFATTACHMNT	0.999999999995714	-4.28632310003382e-12	4	0	0	18	3454
PR00255	NATPEPTIDER	0.999999999995714	-4.28632310003382e-12	4	0	0	18	3454
PR00599	MAPEPTIDASE	0.999999999995714	-4.28632310003382e-12	4	0	0	18	3454
PR00086	LLDHDRGNASE	0.999999999995714	-4.28632310003382e-12	4	0	0	18	3454
PR00370	FMOXYGENASE	0.999999999995714	-4.28632310003382e-12	4	0	0	18	3454
PR01028	OPIOIDPRCRSR	0.999999999995714	-4.28632310003382e-12	4	0	0	18	3454
PR00799	TRANSAMINASE	0.999999999995714	-4.28632310003382e-12	4	0	0	18	3454
PR01910	ADSPHPHTASEB	0.999999999995714	-4.28632310003382e-12	4	0	0	18	3454
PR00203	AMYLOIDA4	0.999999999995714	-4.28632310003382e-12	4	0	0	18	3454
PR01284	NUCLEARECPTR	0.999999999995714	-4.28632310003382e-12	4	0	0	18	3454
PR01838	NCAMFAMILY	0.999999999995714	-4.28632310003382e-12	4	0	0	18	3454
PR00927	ADPTRNSLCASE	0.999999999995714	-4.28632310003382e-12	4	0	0	18	3454
PR01673	GLYRALPHA	0.999999999995714	-4.28632310003382e-12	4	0	0	18	3454
PR00633	RCCNDNSATION	0.999999999995899	-4.10125398220688e-12	14	0	0	18	3454
PR00206	CONNEXIN	0.999999999995899	-4.10125398220688e-12	14	0	0	18	3454
PR00248	GPCRMGR	0.999999999995899	-4.10125398220688e-12	14	0	0	18	3454
PR01333	2POREKCHANEL	0.999999999995899	-4.10125398220688e-12	14	0	0	18	3454
PR00624	HISTONEH5	0.999999999995899	-4.10125398220688e-12	14	0	0	18	3454
PR01423	TGFBETA	0.999999999996015	-3.98461835644615e-12	5	0	0	18	3454
PR00457	ANPEROXIDASE	0.999999999996015	-3.98461835644615e-12	5	0	0	18	3454
PR00991	6PFRUCTKNASE	0.999999999996015	-3.98461835644615e-12	5	0	0	18	3454
PR01748	AP2TNSCPFCT	0.999999999996015	-3.98461835644615e-12	5	0	0	18	3454
PR00213	MYELINP0	0.999999999996015	-3.98461835644615e-12	5	0	0	18	3454
PR01054	MTABOTROPC4R	0.999999999996015	-3.98461835644615e-12	5	0	0	18	3454
PR00857	MELATONINR	0.999999999996015	-3.98461835644615e-12	5	0	0	18	3454
PR01263	INTCLCHANNEL	0.999999999996015	-3.98461835644615e-12	5	0	0	18	3454
PR00896	VASOPRESSINR	0.999999999996015	-3.98461835644615e-12	5	0	0	18	3454
PR00928	GRAVESDC	0.999999999996015	-3.98461835644615e-12	5	0	0	18	3454
PR00342	RHESUSRHD	0.999999999996015	-3.98461835644615e-12	5	0	0	18	3454
PR01097	TRNSRECEPTRP	0.999999999996015	-3.98461835644615e-12	5	0	0	18	3454
PR00626	CALRETICULIN	0.999999999996015	-3.98461835644615e-12	5	0	0	18	3454
PR00041	LEUZIPPRCREB	0.999999999996015	-3.98461835644615e-12	5	0	0	18	3454
PR01453	EPMEMFAMILY	0.999999999996015	-3.98461835644615e-12	5	0	0	18	3454
PR00363	CYTOCHROMEB5	0.999999999996015	-3.98461835644615e-12	5	0	0	18	3454
PR00622	HISTONEH3	0.999999999996015	-3.98461835644615e-12	5	0	0	18	3454
PR01292	RETNOICACIDR	0.999999999996015	-3.98461835644615e-12	5	0	0	18	3454
PR00244	NEUROKININR	0.999999999996015	-3.98461835644615e-12	5	0	0	18	3454
PR00020	MAMDOMAIN	0.999999999996015	-3.98461835644615e-12	5	0	0	18	3454
PR00391	PITRANSFER	0.999999999996015	-3.98461835644615e-12	5	0	0	18	3454
PR00167	CACHANNEL	0.999999999996015	-3.98461835644615e-12	5	0	0	18	3454
PR00545	RETINOIDXR	0.999999999996015	-3.98461835644615e-12	5	0	0	18	3454
PR00889	CALPONIN	0.999999999996015	-3.98461835644615e-12	5	0	0	18	3454
PR00959	MEVGALKINASE	0.999999999996015	-3.98461835644615e-12	5	0	0	18	3454
PR01760	DISHEVELLED	0.999999999996015	-3.98461835644615e-12	5	0	0	18	3454
PR00821	TAGLIPASE	0.999999999996015	-3.98461835644615e-12	5	0	0	18	3454
PR01498	SHAWCHANNEL	0.999999999996015	-3.98461835644615e-12	5	0	0	18	3454
PR00476	PHFRCTKINASE	0.999999999996015	-3.98461835644615e-12	5	0	0	18	3454
PR01327	KIR31CHANNEL	0.999999999996015	-3.98461835644615e-12	5	0	0	18	3454
PR01823	JANUSKINASE	0.999999999996015	-3.98461835644615e-12	5	0	0	18	3454
PR01293	RORNUCRECPTR	0.999999999996015	-3.98461835644615e-12	5	0	0	18	3454
PR01452	LNOTCHREPEAT	0.999999999996015	-3.98461835644615e-12	5	0	0	18	3454
PR00085	THFDHDRGNASE	0.999999999996015	-3.98461835644615e-12	5	0	0	18	3454
PR01288	PROXISOMEPAR	0.999999999996015	-3.98461835644615e-12	5	0	0	18	3454
PR01095	TASKCHANNEL	0.999999999996015	-3.98461835644615e-12	5	0	0	18	3454
PR01472	ICAMVCAM1	0.999999999996015	-3.98461835644615e-12	5	0	0	18	3454
PR01084	NAHEXCHNGR	0.999999999996015	-3.98461835644615e-12	5	0	0	18	3454
PR00962	LETHAL2GIANT	0.999999999996015	-3.98461835644615e-12	5	0	0	18	3454
PR00246	SOMATOSTATNR	0.999999999996015	-3.98461835644615e-12	5	0	0	18	3454
PR01788	PROSTANOIDR	0.999999999996015	-3.98461835644615e-12	5	0	0	18	3454
PR00669	INHIBINA	0.999999999996015	-3.98461835644615e-12	5	0	0	18	3454
PR00503	BROMODOMAIN	0.99999999999604	-3.96038966261001e-12	35	0	0	18	3454
PR00926	MITOCARRIER	0.99999999999604	-3.96038966261001e-12	35	0	0	18	3454
PR00700	PRTYPHPHTASE	0.99999999999604	-3.96038966261001e-12	35	0	0	18	3454
PR00173	EDTRNSPORT	0.999999999996202	-3.79756037652044e-12	8	0	0	18	3454
PR01764	MAPKPHPHTASE	0.999999999996202	-3.79756037652044e-12	8	0	0	18	3454
PR00723	SUBTILISIN	0.999999999996202	-3.79756037652044e-12	8	0	0	18	3454
PR00961	HUDSXLRNA	0.999999999996202	-3.79756037652044e-12	8	0	0	18	3454
PR02050	B14GALTRFASE	0.999999999996202	-3.79756037652044e-12	8	0	0	18	3454
PR01231	HCO3TRNSPORT	0.999999999996202	-3.79756037652044e-12	8	0	0	18	3454
PR00371	FPNCR	0.999999999996202	-3.79756037652044e-12	8	0	0	18	3454
PR01789	NUCFACTORATC	0.999999999996202	-3.79756037652044e-12	8	0	0	18	3454
PR00267	INTFRNREGFCT	0.999999999996202	-3.79756037652044e-12	8	0	0	18	3454
PR00747	GLYHDRLASE47	0.999999999996202	-3.79756037652044e-12	8	0	0	18	3454
PR00348	UBIQUITIN	0.999999999996202	-3.79756037652044e-12	8	0	0	18	3454
PR00141	PROTEASOME	0.999999999996202	-3.79756037652044e-12	8	0	0	18	3454
PR00027	PAIREDBOX	0.999999999996202	-3.79756037652044e-12	8	0	0	18	3454
PR01570	NPFFRECEPTOR	0.999999999996369	-3.63051643173863e-12	3	0	0	18	3454
PR01451	SKCHANNEL	0.999999999996369	-3.63051643173863e-12	3	0	0	18	3454
PR00442	GPROTEINAQ	0.999999999996369	-3.63051643173863e-12	3	0	0	18	3454
PR00837	V5TPXLIKE	0.999999999996369	-3.63051643173863e-12	3	0	0	18	3454
PR01639	PROFILINMAML	0.999999999996369	-3.63051643173863e-12	3	0	0	18	3454
PR01497	SHALCHANNEL	0.999999999996369	-3.63051643173863e-12	3	0	0	18	3454
PR01573	SUPERTUBBY	0.999999999996369	-3.63051643173863e-12	3	0	0	18	3454
PR00302	LUPUSLA	0.999999999996369	-3.63051643173863e-12	3	0	0	18	3454
PR01182	ORNDCRBXLASE	0.999999999996369	-3.63051643173863e-12	3	0	0	18	3454
PR01578	KCNAB1CHANEL	0.999999999996369	-3.63051643173863e-12	3	0	0	18	3454
PR00087	LIPOXYGENASE	0.999999999996369	-3.63051643173863e-12	3	0	0	18	3454
PR01350	CTRFAMILY	0.999999999996369	-3.63051643173863e-12	3	0	0	18	3454
PR00784	MTUNCOUPLING	0.999999999996369	-3.63051643173863e-12	3	0	0	18	3454
PR00415	ACONITASE	0.999999999996369	-3.63051643173863e-12	3	0	0	18	3454
PR00377	IMPHPHTASES	0.999999999996369	-3.63051643173863e-12	3	0	0	18	3454
PR00892	RABGDI	0.999999999996369	-3.63051643173863e-12	3	0	0	18	3454
PR00416	EUTPISMRASEI	0.999999999996369	-3.63051643173863e-12	3	0	0	18	3454
PR00481	LAMNOPPTDASE	0.999999999996369	-3.63051643173863e-12	3	0	0	18	3454
PR00336	LYSASSOCTDMP	0.999999999996369	-3.63051643173863e-12	3	0	0	18	3454
PR00332	HISTRIAD	0.999999999996369	-3.63051643173863e-12	3	0	0	18	3454
PR00381	KINESINLIGHT	0.999999999996369	-3.63051643173863e-12	3	0	0	18	3454
PR00122	VACATPASE	0.999999999996369	-3.63051643173863e-12	3	0	0	18	3454
PR00741	GLHYDRLASE29	0.999999999996369	-3.63051643173863e-12	3	0	0	18	3454
PR00317	EPENDYMIN	0.999999999996369	-3.63051643173863e-12	3	0	0	18	3454
PR00534	MCRFAMILY	0.999999999996369	-3.63051643173863e-12	3	0	0	18	3454
PR01011	GLUTPROXDASE	0.999999999996369	-3.63051643173863e-12	3	0	0	18	3454
PR00660	ERLUMENR	0.999999999996369	-3.63051643173863e-12	3	0	0	18	3454
PR01287	NURRNUCRCPTR	0.999999999996369	-3.63051643173863e-12	3	0	0	18	3454
PR00805	ALPHACATENIN	0.999999999996369	-3.63051643173863e-12	3	0	0	18	3454
PR01839	RAD23PROTEIN	0.999999999996369	-3.63051643173863e-12	3	0	0	18	3454
PR00663	GALANINR	0.999999999996369	-3.63051643173863e-12	3	0	0	18	3454
PR00022	SOMATOMEDINB	0.999999999996369	-3.63051643173863e-12	3	0	0	18	3454
PR01630	LVDCCALPHA1	0.999999999996369	-3.63051643173863e-12	3	0	0	18	3454
PR00300	CLPPROTEASEA	0.999999999996369	-3.63051643173863e-12	3	0	0	18	3454
PR01267	GSTRNSFRASEM	0.999999999996369	-3.63051643173863e-12	3	0	0	18	3454
PR01129	GIPRECEPTOR	0.999999999996369	-3.63051643173863e-12	3	0	0	18	3454
PR00269	PTNMIDKINE	0.999999999996369	-3.63051643173863e-12	3	0	0	18	3454
PR00822	LIPOLIPASE	0.999999999996369	-3.63051643173863e-12	3	0	0	18	3454
PR01179	ODADCRBXLASE	0.999999999996369	-3.63051643173863e-12	3	0	0	18	3454
PR01421	GPR37ORPHANR	0.999999999996369	-3.63051643173863e-12	3	0	0	18	3454
PR02001	GCR1CAMPR	0.999999999996369	-3.63051643173863e-12	3	0	0	18	3454
PR01042	TRNASYNTHASP	0.999999999996369	-3.63051643173863e-12	3	0	0	18	3454
PR00764	COMPLEMENTC9	0.999999999996369	-3.63051643173863e-12	3	0	0	18	3454
PR00406	CYTB5RDTASE	0.999999999996369	-3.63051643173863e-12	3	0	0	18	3454
PR00783	MINTRINSICP	0.999999999996369	-3.63051643173863e-12	3	0	0	18	3454
PR02086	PUTNUCHARBI1	0.999999999996369	-3.63051643173863e-12	3	0	0	18	3454
PR00679	PROHIBITIN	0.999999999996369	-3.63051643173863e-12	3	0	0	18	3454
PR00124	ATPASEC	0.999999999996369	-3.63051643173863e-12	3	0	0	18	3454
PR01802	SYNEMBRYN	0.999999999996369	-3.63051643173863e-12	3	0	0	18	3454
PR00165	ANIONEXCHNGR	0.999999999996369	-3.63051643173863e-12	3	0	0	18	3454
PR01887	SPECTRNALPHA	0.999999999996369	-3.63051643173863e-12	3	0	0	18	3454
PR00619	GATAZNFINGER	0.999999999996369	-3.63051643173863e-12	3	0	0	18	3454
PR01255	OTXHOMEOBOX	0.999999999996369	-3.63051643173863e-12	3	0	0	18	3454
PR00883	NUCLEARHMG	0.999999999996369	-3.63051643173863e-12	3	0	0	18	3454
PR01251	AMPHIPHYSIN	0.999999999996369	-3.63051643173863e-12	3	0	0	18	3454
PR01873	CYTCOXIDASE4	0.999999999996369	-3.63051643173863e-12	3	0	0	18	3454
PR00295	STEFINA	0.999999999996369	-3.63051643173863e-12	3	0	0	18	3454
PR01536	INTRLKN1R12F	0.999999999996369	-3.63051643173863e-12	3	0	0	18	3454
PR00467	MAMLPOXGNASE	0.999999999996369	-3.63051643173863e-12	3	0	0	18	3454
PR01864	APOPREGBCLX	0.999999999996369	-3.63051643173863e-12	3	0	0	18	3454
PR00160	GLUTAREDOXIN	0.999999999996369	-3.63051643173863e-12	3	0	0	18	3454
PR00938	BRACHYURY	0.999999999996369	-3.63051643173863e-12	3	0	0	18	3454
PR00724	CRBOXYPTASEC	0.999999999996369	-3.63051643173863e-12	3	0	0	18	3454
PR00065	TEADOMAIN	0.999999999996369	-3.63051643173863e-12	3	0	0	18	3454
PR00685	TIFACTORIIB	0.999999999996369	-3.63051643173863e-12	3	0	0	18	3454
PR01088	NAHEXCHNGR6	0.999999999996369	-3.63051643173863e-12	3	0	0	18	3454
PR00077	GPDHDRGNASE	0.999999999996369	-3.63051643173863e-12	3	0	0	18	3454
PR01049	PHOSPHBKNASE	0.999999999996369	-3.63051643173863e-12	3	0	0	18	3454
PR02002	INSLNLIKEGF	0.999999999996369	-3.63051643173863e-12	3	0	0	18	3454
PR00088	HAEMOXYGNASE	0.999999999996369	-3.63051643173863e-12	3	0	0	18	3454
PR01271	HISDACETLASE	0.999999999996369	-3.63051643173863e-12	3	0	0	18	3454
PR00535	MELNOCORTINR	0.999999999996369	-3.63051643173863e-12	3	0	0	18	3454
PR00113	ALKPHPHTASE	0.999999999996369	-3.63051643173863e-12	3	0	0	18	3454
PR01588	THIKCHANNEL	0.999999999996369	-3.63051643173863e-12	3	0	0	18	3454
PR00742	GLHYDRLASE35	0.999999999996369	-3.63051643173863e-12	3	0	0	18	3454
PR00006	COFILIN	0.999999999996369	-3.63051643173863e-12	3	0	0	18	3454
PR00815	PIHAEM	0.999999999996369	-3.63051643173863e-12	3	0	0	18	3454
PR00757	AMINEOXDASEF	0.999999999996369	-3.63051643173863e-12	3	0	0	18	3454
PR00987	TRNASYNTHGLU	0.999999999996369	-3.63051643173863e-12	3	0	0	18	3454
PR00642	EDG1RECEPTOR	0.999999999996369	-3.63051643173863e-12	3	0	0	18	3454
PR01211	SYNUCLEIN	0.999999999996369	-3.63051643173863e-12	3	0	0	18	3454
PR01254	PGNDSYNTHASE	0.999999999996369	-3.63051643173863e-12	3	0	0	18	3454
PR00106	DNAPOLB	0.999999999996369	-3.63051643173863e-12	3	0	0	18	3454
PR00792	PEPSIN	0.999999999996369	-3.63051643173863e-12	3	0	0	18	3454
PR01368	SYNAPSIN	0.999999999996369	-3.63051643173863e-12	3	0	0	18	3454
PR01739	RELAXINR	0.999999999996369	-3.63051643173863e-12	3	0	0	18	3454
PR00003	4DISULPHCORE	0.999999999996369	-3.63051643173863e-12	3	0	0	18	3454
PR00116	ARGINASE	0.999999999996369	-3.63051643173863e-12	3	0	0	18	3454
PR00853	XPGRADSUPER	0.999999999996369	-3.63051643173863e-12	3	0	0	18	3454
PR00278	PANCHORMONE	0.999999999996369	-3.63051643173863e-12	3	0	0	18	3454
PR00567	DOPAMINED2R	0.999999999996369	-3.63051643173863e-12	3	0	0	18	3454
PR00502	NUDIXFAMILY	0.999999999996369	-3.63051643173863e-12	3	0	0	18	3454
PR00360	C2DOMAIN	0.999999999996384	-3.61565847604896e-12	26	0	0	18	3454
PR00169	KCHANNEL	0.999999999996384	-3.61565847604896e-12	26	0	0	18	3454
PR00385	P450	0.999999999996529	-3.47103000376891e-12	38	0	0	18	3454
PR00504	CHROMODOMAIN	0.999999999996628	-3.37213305746865e-12	10	0	0	18	3454
PR01792	VDCCGAMMA	0.999999999996628	-3.37213305746865e-12	10	0	0	18	3454
PR00171	SUGRTRNSPORT	0.999999999996628	-3.37213305746865e-12	10	0	0	18	3454
PR01265	LINKMODULE	0.999999999996628	-3.37213305746865e-12	10	0	0	18	3454
PR01162	ALPHATUBULIN	0.999999999996628	-3.37213305746865e-12	10	0	0	18	3454
PR01862	BCL2FAMILY	0.999999999996628	-3.37213305746865e-12	10	0	0	18	3454
PR00196	ANNEXIN	0.999999999996628	-3.37213305746865e-12	10	0	0	18	3454
PR00785	NCTRNSLOCATR	0.999999999996628	-3.37213305746865e-12	10	0	0	18	3454
PR00190	ACTIN	0.999999999996628	-3.37213305746865e-12	10	0	0	18	3454
PR00441	GPROTEINAI	0.999999999996628	-3.37213305746865e-12	10	0	0	18	3454
PR00094	ADENYLTKNASE	0.999999999996628	-3.37213305746865e-12	10	0	0	18	3454
PR00318	GPROTEINA	0.999999999996695	-3.3048207178877e-12	19	0	0	18	3454
PR00253	GABAARECEPTR	0.999999999996695	-3.3048207178877e-12	19	0	0	18	3454
PR01349	WNTPROTEIN	0.999999999996813	-3.18699546100738e-12	13	0	0	18	3454
PR00661	ERMFAMILY	0.999999999996813	-3.18699546100738e-12	13	0	0	18	3454
PR00138	MATRIXIN	0.999999999996813	-3.18699546100738e-12	13	0	0	18	3454
PR00489	FRIZZLED	0.999999999996813	-3.18699546100738e-12	13	0	0	18	3454
PR00254	NICOTINICR	0.999999999996813	-3.18699546100738e-12	13	0	0	18	3454
PR01248	TYPE1KERATIN	0.999999999996813	-3.18699546100738e-12	13	0	0	18	3454
PR00621	HISTONEH2B	0.999999999996813	-3.18699546100738e-12	13	0	0	18	3454
PR00321	GPROTEING	0.999999999996813	-3.18699546100738e-12	13	0	0	18	3454
PR00387	PDIESTERASE1	0.999999999996813	-3.18699546100738e-12	13	0	0	18	3454
PR00195	DYNAMIN	0.999999999996824	-3.17553215605718e-12	11	0	0	18	3454
PR00888	SM22CALPONIN	0.999999999996824	-3.17553215605718e-12	11	0	0	18	3454
PR01463	EAGCHANLFMLY	0.999999999996824	-3.17553215605718e-12	11	0	0	18	3454
PR00111	ABHYDROLASE	0.999999999996824	-3.17553215605718e-12	11	0	0	18	3454
PR00756	ALADIPTASE	0.999999999996824	-3.17553215605718e-12	11	0	0	18	3454
PR00025	ANTENNAPEDIA	0.999999999996824	-3.17553215605718e-12	11	0	0	18	3454
PR00937	TBOX	0.999999999996824	-3.17553215605718e-12	11	0	0	18	3454
PR00238	OPSIN	0.999999999996824	-3.17553215605718e-12	11	0	0	18	3454
PR00305	1433ZETA	0.999999999996824	-3.17553215605718e-12	11	0	0	18	3454
PR00320	GPROTEINBRPT	0.999999999996843	-3.15710584093271e-12	74	0	0	18	3454
PR01186	INTEGRINB	0.999999999996932	-3.06816080716813e-12	7	0	0	18	3454
PR00404	MADSDOMAIN	0.999999999996932	-3.06816080716813e-12	7	0	0	18	3454
PR00345	STATHMIN	0.999999999996932	-3.06816080716813e-12	7	0	0	18	3454
PR00412	EPOXHYDRLASE	0.999999999996932	-3.06816080716813e-12	7	0	0	18	3454
PR00765	CRBOXYPTASEA	0.999999999996932	-3.06816080716813e-12	7	0	0	18	3454
PR00220	SYNAPTOPHYSN	0.999999999996932	-3.06816080716813e-12	7	0	0	18	3454
PR01976	IGFBPFAMILY	0.999999999996932	-3.06816080716813e-12	7	0	0	18	3454
PR00310	ANTIPRLFBTG1	0.999999999996932	-3.06816080716813e-12	7	0	0	18	3454
PR00762	CLCHANNEL	0.999999999996932	-3.06816080716813e-12	7	0	0	18	3454
PR01494	KV9CHANNEL	0.999999999996932	-3.06816080716813e-12	7	0	0	18	3454
PR00465	EP450IV	0.999999999996932	-3.06816080716813e-12	7	0	0	18	3454
PR01259	NACAEXCHNGR	0.999999999996932	-3.06816080716813e-12	7	0	0	18	3454
PR00314	CLATHRINADPT	0.999999999996932	-3.06816080716813e-12	7	0	0	18	3454
PR01908	ADSPHPHTASE	0.999999999996932	-3.06816080716813e-12	7	0	0	18	3454
PR01090	NEUROLIGIN	0.999999999996932	-3.06816080716813e-12	7	0	0	18	3454
PR01773	P38MAPKINASE	0.999999999996932	-3.06816080716813e-12	7	0	0	18	3454
PR01243	NUCDPKINASE	0.999999999996932	-3.06816080716813e-12	7	0	0	18	3454
PR00319	GPROTEINB	0.999999999996932	-3.06816080716813e-12	7	0	0	18	3454
PR00289	DISINTEGRIN	0.999999999996932	-3.06816080716813e-12	7	0	0	18	3454
PR00369	FLAVODOXIN	0.999999999996932	-3.06816080716813e-12	7	0	0	18	3454
PR00074	LYSYLOXIDASE	0.999999999996932	-3.06816080716813e-12	7	0	0	18	3454
PR01012	NRPEPTIDEYR	0.999999999996932	-3.06816080716813e-12	7	0	0	18	3454
PR00243	MUSCARINICR	0.999999999996932	-3.06816080716813e-12	7	0	0	18	3454
PR00895	PENTAXIN	0.999999999996932	-3.06816080716813e-12	7	0	0	18	3454
PR01407	BUTYPHLNCDUF	0.999999999997196	-2.80402825022908e-12	51	0	0	18	3454
PR00080	SDRFAMILY	0.999999999997242	-2.75767417888215e-12	47	0	0	18	3454
PR00205	CADHERIN	0.999999999997335	-2.66481808146089e-12	75	0	0	18	3454
PR01301	RGSPROTEIN	0.999999999997407	-2.59260536381589e-12	24	0	0	18	3454
PR00452	SH3DOMAIN	0.999999999997534	-2.46624563169641e-12	77	0	0	18	3454
PR00024	HOMEOBOX	0.99999999999794	-2.05997071562357e-12	56	0	0	18	3454
PR01491	KVCHANNEL	0.99999999999825	-1.74975048854631e-12	23	0	0	18	3454
PR00262	IL1HBGF	0.999999999998409	-1.59136507095951e-12	15	0	0	18	3454
PR00704	CALPAIN	0.999999999998409	-1.59136507095951e-12	15	0	0	18	3454
PR00258	SPERACTRCPTR	0.999999999998409	-1.59136507095951e-12	15	0	0	18	3454
PR00178	FATTYACIDBP	0.999999999998409	-1.59136507095951e-12	15	0	0	18	3454
PR00193	MYOSINHEAVY	0.999999999998912	-1.08795424897596e-12	27	0	0	18	3454
PR00249	GPCRSECRETIN	0.999999999998912	-1.08795424897596e-12	27	0	0	18	3454
PR00081	GDHRDH	0.999999999999231	-7.68823932733142e-13	61	0	0	18	3454
PR00328	SAR1GTPBP	0.99999999999927	-7.29852048659662e-13	28	0	0	18	3454
PR00405	REVINTRACTNG	0.99999999999927	-7.29852048659662e-13	28	0	0	18	3454
PR01282	COUPTNFACTOR	0.999999999999859	-1.40858499143729e-13	6	0	0	18	3454
PR00194	TROPOMYOSIN	0.999999999999859	-1.40858499143729e-13	6	0	0	18	3454
PR00653	ACTIVIN2R	0.999999999999859	-1.40858499143729e-13	6	0	0	18	3454
PR00689	ACOABINDINGP	0.999999999999859	-1.40858499143729e-13	6	0	0	18	3454
PR00170	NACHANNEL	0.999999999999859	-1.40858499143729e-13	6	0	0	18	3454
PR00180	CRETINALDHBP	0.999999999999859	-1.40858499143729e-13	6	0	0	18	3454
PR00988	URIDINKINASE	0.999999999999859	-1.40858499143729e-13	6	0	0	18	3454
PR00214	MYELINPLP	0.999999999999859	-1.40858499143729e-13	6	0	0	18	3454
PR01743	SSDNABINDING	0.999999999999859	-1.40858499143729e-13	6	0	0	18	3454
PR00717	GPCRKINASE	0.999999999999859	-1.40858499143729e-13	6	0	0	18	3454
PR00299	ACRYSTALLIN	0.999999999999859	-1.40858499143729e-13	6	0	0	18	3454
PR00043	LEUZIPPRJUN	0.999999999999859	-1.40858499143729e-13	6	0	0	18	3454
PR01657	MCMFAMILY	0.999999999999859	-1.40858499143729e-13	6	0	0	18	3454
PR01496	SHAKERCHANEL	0.999999999999859	-1.40858499143729e-13	6	0	0	18	3454
PR01626	LCACHANNELB	0.999999999999859	-1.40858499143729e-13	6	0	0	18	3454
PR01035	TCRTETA	0.999999999999859	-1.40858499143729e-13	6	0	0	18	3454
PR00925	NONHISHMG17	0.999999999999859	-1.40858499143729e-13	6	0	0	18	3454
PR00309	ARRESTIN	0.999999999999859	-1.40858499143729e-13	6	0	0	18	3454
PR00600	PP2APR55	0.999999999999859	-1.40858499143729e-13	6	0	0	18	3454
PR01163	BETATUBULIN	0.999999999999859	-1.40858499143729e-13	6	0	0	18	3454
PR00384	OPIOIDR	0.999999999999859	-1.40858499143729e-13	6	0	0	18	3454
PR00628	INSULINRSI	0.999999999999859	-1.40858499143729e-13	6	0	0	18	3454
PR01244	PEROPSIN	0.999999999999859	-1.40858499143729e-13	6	0	0	18	3454
PR01316	GDNFRECEPTOR	0.999999999999859	-1.40858499143729e-13	6	0	0	18	3454
PR00120	HATPASE	0.999999999999859	-1.40858499143729e-13	6	0	0	18	3454
PR02008	RCMTFAMILY	0.999999999999859	-1.40858499143729e-13	6	0	0	18	3454
PR01686	EP450ICYP2D	0.999999999999859	-1.40858499143729e-13	6	0	0	18	3454
PR00929	ATHOOK	0.999999999999859	-1.40858499143729e-13	6	0	0	18	3454
PR00683	SPECTRINPH	0.999999999999859	-1.40858499143729e-13	6	0	0	18	3454
PR00069	ALDKETRDTASE	0.999999999999859	-1.40858499143729e-13	6	0	0	18	3454
PR01078	AMINACHANNEL	0.999999999999859	-1.40858499143729e-13	6	0	0	18	3454
PR01320	KIRCHANNEL	1.00000000000014	1.40435540156572e-13	17	0	0	18	3454
PR00176	NANEUSMPORT	1.00000000000014	1.40435540156572e-13	17	0	0	18	3454
PR00114	STPHPHTASE	1.00000000000014	1.40435540156572e-13	17	0	0	18	3454
PR00301	HEATSHOCK70	1.00000000000014	1.40435540156572e-13	17	0	0	18	3454
PR00153	CSAPPISMRASE	1.00000000000014	1.40435540156572e-13	17	0	0	18	3454
PR00259	TMFOUR	1.00000000000155	1.54514469577535e-12	36	0	0	18	3454
PR00252	NRIONCHANNEL	1.00000000000248	2.47894452955015e-12	34	0	0	18	3454
PR00463	EP450I	1.00000000000248	2.47894452955015e-12	34	0	0	18	3454
