TermID	Term	Enrichment	logP	Genes in Term	Target Genes in Term	Fraction of Targets in Term	Total Target Genes	Total Genes	Entrez Gene IDs	Gene Symbols
SM01409	RNA_pol_Rpb6	0.00381027460250147	-5.57005401829338	1	1	0.0344827586206897	29	7611	436817	polr2f
SM01313	Sec3-PIP2_bind	0.0076065297977926	-4.878748216657	2	1	0.0344827586206897	29	7611	100002110	stxbp6l
SM00921	MHC_II_beta	0.0076065297977926	-4.878748216657	2	1	0.0344827586206897	29	7611	326022	si:ch73-158p21.3
SM01041	BRO1	0.0151571807846872	-4.18928088013214	4	1	0.0344827586206897	29	7611	321330	rhpn2
SM00679	CTNS	0.0189116755601803	-3.96797579314141	5	1	0.0344827586206897	29	7611	415220	mpdu1b
SM00549	TAFH	0.0189116755601803	-3.96797579314141	5	1	0.0344827586206897	29	7611	767809	runx1t1
SM00338	BRLZ	0.0244254751667563	-3.71212862712762	64	2	0.0689655172413793	29	7611	492346,436766	fosb,jdp2b
SM00742	Hr1	0.0263792498684724	-3.63517756771241	7	1	0.0344827586206897	29	7611	321330	rhpn2
SM01198	FBA	0.0337919301500815	-3.38753325795536	9	1	0.0344827586206897	29	7611	570101	zgc:173570
SM00387	HATPase_c	0.0374778067653832	-3.28400634078989	10	1	0.0344827586206897	29	7611	794083	pdk2a
SM01017	Arrestin_C	0.0411501056214057	-3.19052878512102	11	1	0.0344827586206897	29	7611	335206	arrdc2
SM00414	H2A	0.0448088749559763	-3.10534905748485	12	1	0.0344827586206897	29	7611	100003969	zgc:165551
SM00511	ORANGE	0.0484541628387936	-3.02713702403096	13	1	0.0344827586206897	29	7611	323656	her8a
SM00252	SH2	0.0493817904995095	-3.00817353611312	94	2	0.0689655172413793	29	7611	557176,406311	pik3r1,pik3r3a
SM00407	IGc1	0.0520860171784478	-2.95485875053515	14	1	0.0344827586206897	29	7611	326022	si:ch73-158p21.3
SM00208	TNFR	0.0629014555578164	-2.7661859747197	17	1	0.0344827586206897	29	7611	100333821	tnfrsf11a
SM00293	PWWP	0.0771368482664164	-2.56217418435569	21	1	0.0344827586206897	29	7611	553189	dnmt3ab
SM00091	PAS	0.0946376689408398	-2.35769969041797	26	1	0.0344827586206897	29	7611	724016	npas4a
SM00339	FH	0.125334934064949	-2.07676565254711	35	1	0.0344827586206897	29	7611	405850	foxg1b
SM00248	ANK	0.136238180805725	-1.99335059558147	170	2	0.0689655172413793	29	7611	553808,323099	ankrd45,nfkbiab
SM00256	FBOX	0.138653298186456	-1.97577871934568	39	1	0.0344827586206897	29	7611	570101	zgc:173570
SM00129	KISc	0.141952169598535	-1.95226511193526	40	1	0.0344827586206897	29	7611	100149555	stard9
SM00271	DnaJ	0.174276998629865	-1.74710929942201	50	1	0.0344827586206897	29	7611	641576	zgc:122979
SM00399	ZnF_C4	0.186874935626663	-1.67731567930995	54	1	0.0344827586206897	29	7611	402815	nr1d2a
SM00430	HOLI	0.189995304405228	-1.66075592078373	55	1	0.0344827586206897	29	7611	402815	nr1d2a
SM00324	RhoGAP	0.229522762416828	-1.47175307175568	68	1	0.0344827586206897	29	7611	557176	pik3r1
SM00353	HLH	0.278410908961558	-1.27865716680121	85	1	0.0344827586206897	29	7611	323656	her8a
SM00028	TPR	0.283961573693965	-1.25891635386982	87	1	0.0344827586206897	29	7611	368924	fkbp5
SM01381	7TM_GPCR_Srsx	0.303066101717854	-1.19380433978098	94	1	0.0344827586206897	29	7611	100037315	adrb2b
SM00220	S_TKc	0.371342250527481	-0.990631133463519	338	2	0.0689655172413793	29	7611	568412,334202	si:ch211-45c16.2,plk3
SM00228	PDZ	0.419169887629499	-0.869478981500312	141	1	0.0344827586206897	29	7611	321330	rhpn2
SM00326	SH3	0.524002407749109	-0.646258999730605	192	1	0.0344827586206897	29	7611	557176	pik3r1
SM00355	ZnF_C2H2	0.850565975612385	-0.16185329741834	482	1	0.0344827586206897	29	7611	565869	klf9
SM00612	Kelch	0.999999999986787	-1.32127205396434e-11	45	0	0	29	7611
SM00589	PRY	0.999999999986787	-1.32127205396434e-11	45	0	0	29	7611
SM00297	BROMO	0.999999999986978	-1.3022343175618e-11	40	0	0	29	7611
SM00209	TSP1	0.999999999986978	-1.3022343175618e-11	40	0	0	29	7611
SM00361	RRM_1	0.999999999989489	-1.05111182403719e-11	25	0	0	29	7611
SM00204	TGFB	0.999999999989489	-1.05111182403719e-11	25	0	0	29	7611
SM00397	t_SNARE	0.999999999989489	-1.05111182403719e-11	25	0	0	29	7611
SM00558	JmjC	0.999999999989489	-1.05111182403719e-11	25	0	0	29	7611
SM00020	Tryp_SPc	0.999999999989489	-1.05111182403719e-11	25	0	0	29	7611
SM00112	CA	0.999999999991232	-8.7676998354149e-12	76	0	0	29	7611
SM00727	STI1	0.999999999992341	-7.65898398688905e-12	7	0	0	29	7611
SM00907	GDNF	0.999999999992341	-7.65898398688905e-12	7	0	0	29	7611
SM00391	MBD	0.999999999992341	-7.65898398688905e-12	7	0	0	29	7611
SM00544	MA3	0.999999999992341	-7.65898398688905e-12	7	0	0	29	7611
SM00631	Zn_pept	0.999999999992341	-7.65898398688905e-12	7	0	0	29	7611
SM00187	INB	0.999999999992341	-7.65898398688905e-12	7	0	0	29	7611
SM00809	Alpha_adaptinC2	0.999999999992341	-7.65898398688905e-12	7	0	0	29	7611
SM00479	EXOIII	0.999999999992341	-7.65898398688905e-12	7	0	0	29	7611
SM00614	ZnF_BED	0.999999999992341	-7.65898398688905e-12	7	0	0	29	7611
SM00128	IPPc	0.999999999992341	-7.65898398688905e-12	7	0	0	29	7611
SM00591	RWD	0.999999999992341	-7.65898398688905e-12	7	0	0	29	7611
SM00394	RIIa	0.999999999992341	-7.65898398688905e-12	7	0	0	29	7611
SM00432	MADS	0.999999999992341	-7.65898398688905e-12	7	0	0	29	7611
SM00144	PI3K_rbd	0.999999999992341	-7.65898398688905e-12	7	0	0	29	7611
SM00715	LA	0.999999999992341	-7.65898398688905e-12	7	0	0	29	7611
SM00562	NDK	0.999999999992341	-7.65898398688905e-12	7	0	0	29	7611
SM01242	Integrin_B_tail	0.999999999992341	-7.65898398688905e-12	7	0	0	29	7611
SM01109	CUT	0.999999999992341	-7.65898398688905e-12	7	0	0	29	7611
SM00889	EFG_IV	0.999999999992341	-7.65898398688905e-12	7	0	0	29	7611
SM00582	RPR	0.999999999992341	-7.65898398688905e-12	7	0	0	29	7611
SM00258	SAND	0.999999999992341	-7.65898398688905e-12	7	0	0	29	7611
SM00153	VHP	0.999999999992341	-7.65898398688905e-12	7	0	0	29	7611
SM00540	LEM	0.999999999992341	-7.65898398688905e-12	7	0	0	29	7611
SM00729	Elp3	0.999999999992341	-7.65898398688905e-12	7	0	0	29	7611
SM00099	btg1	0.999999999992341	-7.65898398688905e-12	7	0	0	29	7611
SM01394	S_100	0.999999999992449	-7.55090999017833e-12	8	0	0	29	7611
SM00348	IRF	0.999999999992449	-7.55090999017833e-12	8	0	0	29	7611
SM00167	VPS9	0.999999999992449	-7.55090999017833e-12	8	0	0	29	7611
SM00506	A1pp	0.999999999992449	-7.55090999017833e-12	8	0	0	29	7611
SM00351	PAX	0.999999999992449	-7.55090999017833e-12	8	0	0	29	7611
SM01388	Mob1_phocein	0.999999999992449	-7.55090999017833e-12	8	0	0	29	7611
SM01190	EMP24_GP25L	0.999999999992449	-7.55090999017833e-12	8	0	0	29	7611
SM00884	Cullin_Nedd8	0.999999999992449	-7.55090999017833e-12	8	0	0	29	7611
SM00515	eIF5C	0.999999999992449	-7.55090999017833e-12	8	0	0	29	7611
SM01100	CRAL_TRIO_N	0.999999999992449	-7.55090999017833e-12	8	0	0	29	7611
SM00561	MBT	0.999999999992449	-7.55090999017833e-12	8	0	0	29	7611
SM00548	IRO	0.999999999992449	-7.55090999017833e-12	8	0	0	29	7611
SM00861	Transket_pyr	0.999999999992449	-7.55090999017833e-12	8	0	0	29	7611
SM00142	PI3K_C2	0.999999999992449	-7.55090999017833e-12	8	0	0	29	7611
SM00316	S1	0.999999999992449	-7.55090999017833e-12	8	0	0	29	7611
SM00401	ZnF_GATA	0.999999999992449	-7.55090999017833e-12	8	0	0	29	7611
SM00678	WWE	0.999999999992449	-7.55090999017833e-12	8	0	0	29	7611
SM00288	VHS	0.999999999992449	-7.55090999017833e-12	8	0	0	29	7611
SM01166	DUF1899	0.999999999992449	-7.55090999017833e-12	8	0	0	29	7611
SM00102	ADF	0.999999999992449	-7.55090999017833e-12	8	0	0	29	7611
SM00745	MIT	0.999999999992449	-7.55090999017833e-12	8	0	0	29	7611
SM00043	CY	0.999999999992449	-7.55090999017833e-12	8	0	0	29	7611
SM01265	Mab-21	0.999999999992449	-7.55090999017833e-12	8	0	0	29	7611
SM00139	MyTH4	0.999999999992449	-7.55090999017833e-12	8	0	0	29	7611
SM00543	MIF4G	0.999999999992449	-7.55090999017833e-12	8	0	0	29	7611
SM00964	STAT_int	0.999999999992449	-7.55090999017833e-12	8	0	0	29	7611
SM00487	DEXDc	0.999999999993947	-6.05334371743078e-12	90	0	0	29	7611
SM00033	CH	0.999999999994677	-5.32325639270436e-12	56	0	0	29	7611
SM00314	RA	0.999999999995381	-4.61850948409615e-12	31	0	0	29	7611
SM01391	Filament	0.999999999995493	-4.50675032052813e-12	33	0	0	29	7611
SM00315	RGS	0.999999999995493	-4.50675032052813e-12	33	0	0	29	7611
SM00385	CYCLIN	0.999999999995493	-4.50675032052813e-12	33	0	0	29	7611
SM00295	B41	0.999999999995851	-4.14911575983288e-12	46	0	0	29	7611
SM00312	PX	0.999999999995888	-4.11176113403609e-12	42	0	0	29	7611
SM00423	PSI	0.999999999995888	-4.11176113403609e-12	42	0	0	29	7611
SM00456	WW	0.999999999995888	-4.11176113403609e-12	42	0	0	29	7611
SM00717	SANT	0.999999999995888	-4.11176113403609e-12	42	0	0	29	7611
SM00185	ARM	0.999999999997215	-2.78474900721414e-12	38	0	0	29	7611
SM00261	FU	0.999999999997354	-2.64625228112992e-12	15	0	0	29	7611
SM00116	CBS	0.999999999997354	-2.64625228112992e-12	15	0	0	29	7611
SM00461	WH1	0.999999999997354	-2.64625228112992e-12	15	0	0	29	7611
SM00136	LamNT	0.999999999997354	-2.64625228112992e-12	15	0	0	29	7611
SM00148	PLCXc	0.999999999997354	-2.64625228112992e-12	15	0	0	29	7611
SM00443	G_patch	0.999999999997354	-2.64625228112992e-12	15	0	0	29	7611
SM00563	PlsC	0.999999999997354	-2.64625228112992e-12	15	0	0	29	7611
SM00643	C345C	0.999999999997354	-2.64625228112992e-12	15	0	0	29	7611
SM00523	DWA	0.999999999997354	-2.64625228112992e-12	15	0	0	29	7611
SM00913	IBN_N	0.999999999997354	-2.64625228112992e-12	15	0	0	29	7611
SM00569	L27	0.999999999997354	-2.64625228112992e-12	15	0	0	29	7611
SM00255	TIR	0.999999999997354	-2.64625228112992e-12	15	0	0	29	7611
SM00847	HA2	0.999999999997354	-2.64625228112992e-12	15	0	0	29	7611
SM00647	IBR	0.999999999997354	-2.64625228112992e-12	15	0	0	29	7611
SM00568	GRAM	0.999999999997354	-2.64625228112992e-12	15	0	0	29	7611
SM00237	Calx_beta	0.999999999997354	-2.64625228112992e-12	15	0	0	29	7611
SM00442	FGF	0.999999999997354	-2.64625228112992e-12	15	0	0	29	7611
SM00502	BBC	0.999999999997354	-2.64625228112992e-12	15	0	0	29	7611
SM00322	KH	0.999999999998136	-1.86431424086217e-12	36	0	0	29	7611
SM00042	CUB	0.999999999998136	-1.86431424086217e-12	36	0	0	29	7611
SM00213	UBQ	0.999999999998136	-1.86431424086217e-12	36	0	0	29	7611
SM00336	BBOX	0.99999999999817	-1.82964354064776e-12	52	0	0	29	7611
SM00214	VWC	0.999999999998954	-1.04637699440944e-12	30	0	0	29	7611
SM00165	UBA	0.999999999998954	-1.04637699440944e-12	30	0	0	29	7611
SM00195	DSPc	0.999999999998954	-1.04637699440944e-12	30	0	0	29	7611
SM00072	GuKc	0.999999999998954	-1.04637699440944e-12	30	0	0	29	7611
SM00180	EGF_Lam	0.999999999998954	-1.04637699440944e-12	30	0	0	29	7611
SM00282	LamG	0.999999999999191	-8.09504263179692e-13	35	0	0	29	7611
SM01272	LsmAD	0.999999999999206	-7.93978879360833e-13	2	0	0	29	7611
SM01141	DRY_EERY	0.999999999999206	-7.93978879360833e-13	2	0	0	29	7611
SM00580	PUG	0.999999999999206	-7.93978879360833e-13	2	0	0	29	7611
SM00684	DM15	0.999999999999206	-7.93978879360833e-13	2	0	0	29	7611
SM00960	Robl_LC7	0.999999999999206	-7.93978879360833e-13	2	0	0	29	7611
SM00839	ELFV_dehydrog	0.999999999999206	-7.93978879360833e-13	2	0	0	29	7611
SM00962	SRP54	0.999999999999206	-7.93978879360833e-13	2	0	0	29	7611
SM01028	Beta-TrCP_D	0.999999999999206	-7.93978879360833e-13	2	0	0	29	7611
SM00564	PQQ	0.999999999999206	-7.93978879360833e-13	2	0	0	29	7611
SM01177	DUF4210	0.999999999999206	-7.93978879360833e-13	2	0	0	29	7611
SM00920	MHC_II_alpha	0.999999999999206	-7.93978879360833e-13	2	0	0	29	7611
SM01102	CRM1_C	0.999999999999206	-7.93978879360833e-13	2	0	0	29	7611
SM01267	LAG1_DNAbind	0.999999999999206	-7.93978879360833e-13	2	0	0	29	7611
SM00851	MGS	0.999999999999206	-7.93978879360833e-13	2	0	0	29	7611
SM01230	Gln-synt_C	0.999999999999206	-7.93978879360833e-13	2	0	0	29	7611
SM00671	SEL1	0.999999999999206	-7.93978879360833e-13	2	0	0	29	7611
SM00058	FN1	0.999999999999206	-7.93978879360833e-13	2	0	0	29	7611
SM01336	zf-PARP	0.999999999999206	-7.93978879360833e-13	2	0	0	29	7611
SM00200	SEA	0.999999999999206	-7.93978879360833e-13	2	0	0	29	7611
SM00218	ZU5	0.999999999999206	-7.93978879360833e-13	2	0	0	29	7611
SM00825	PKS_KS	0.999999999999206	-7.93978879360833e-13	2	0	0	29	7611
SM01274	malic	0.999999999999206	-7.93978879360833e-13	2	0	0	29	7611
SM00550	Zalpha	0.999999999999206	-7.93978879360833e-13	2	0	0	29	7611
SM01387	Ribosomal_S15	0.999999999999206	-7.93978879360833e-13	2	0	0	29	7611
SM00638	LPD_N	0.999999999999206	-7.93978879360833e-13	2	0	0	29	7611
SM00978	Tim44	0.999999999999206	-7.93978879360833e-13	2	0	0	29	7611
SM00846	Gp_dh_N	0.999999999999206	-7.93978879360833e-13	2	0	0	29	7611
SM00071	Galanin	0.999999999999206	-7.93978879360833e-13	2	0	0	29	7611
SM00723	AMOP	0.999999999999206	-7.93978879360833e-13	2	0	0	29	7611
SM00808	FABD	0.999999999999206	-7.93978879360833e-13	2	0	0	29	7611
SM00482	POLAc	0.999999999999206	-7.93978879360833e-13	2	0	0	29	7611
SM01382	Ribosomal_L2_C	0.999999999999206	-7.93978879360833e-13	2	0	0	29	7611
SM00737	ML	0.999999999999206	-7.93978879360833e-13	2	0	0	29	7611
SM00995	AD	0.999999999999206	-7.93978879360833e-13	2	0	0	29	7611
SM00932	Nfu_N	0.999999999999206	-7.93978879360833e-13	2	0	0	29	7611
SM00581	PSP	0.999999999999206	-7.93978879360833e-13	2	0	0	29	7611
SM01333	Tet_JBP	0.999999999999206	-7.93978879360833e-13	2	0	0	29	7611
SM00415	HSF	0.999999999999206	-7.93978879360833e-13	2	0	0	29	7611
SM01174	DUF4205	0.999999999999206	-7.93978879360833e-13	2	0	0	29	7611
SM00559	Ku78	0.999999999999206	-7.93978879360833e-13	2	0	0	29	7611
SM00756	VKc	0.999999999999206	-7.93978879360833e-13	2	0	0	29	7611
SM00266	CAD	0.999999999999206	-7.93978879360833e-13	2	0	0	29	7611
SM01257	KRAP_IP3R_bind	0.999999999999206	-7.93978879360833e-13	2	0	0	29	7611
SM01065	CBM_2	0.999999999999206	-7.93978879360833e-13	2	0	0	29	7611
SM01376	eIF-5a	0.999999999999206	-7.93978879360833e-13	2	0	0	29	7611
SM01374	Ribosomal_L14	0.999999999999206	-7.93978879360833e-13	2	0	0	29	7611
SM01390	Ribosomal_S4	0.999999999999206	-7.93978879360833e-13	2	0	0	29	7611
SM01314	SnAC	0.999999999999206	-7.93978879360833e-13	2	0	0	29	7611
SM01410	DIM1	0.999999999999206	-7.93978879360833e-13	2	0	0	29	7611
SM00685	DM14	0.999999999999206	-7.93978879360833e-13	2	0	0	29	7611
SM00437	TOP1Ac	0.999999999999206	-7.93978879360833e-13	2	0	0	29	7611
SM01194	eRF1_1	0.999999999999206	-7.93978879360833e-13	2	0	0	29	7611
SM01362	DUF663	0.999999999999206	-7.93978879360833e-13	2	0	0	29	7611
SM01225	G8	0.999999999999206	-7.93978879360833e-13	2	0	0	29	7611
SM01176	DUF4208	0.999999999999206	-7.93978879360833e-13	2	0	0	29	7611
SM00483	POLXc	0.999999999999206	-7.93978879360833e-13	2	0	0	29	7611
SM00653	eIF2B_5	0.999999999999206	-7.93978879360833e-13	2	0	0	29	7611
SM00736	CADG	0.999999999999206	-7.93978879360833e-13	2	0	0	29	7611
SM00003	NH	0.999999999999206	-7.93978879360833e-13	2	0	0	29	7611
SM01365	Op_neuropeptide	0.999999999999206	-7.93978879360833e-13	2	0	0	29	7611
SM00649	RL11	0.999999999999206	-7.93978879360833e-13	2	0	0	29	7611
SM00956	RQC	0.999999999999206	-7.93978879360833e-13	2	0	0	29	7611
SM00714	LITAF	0.999999999999206	-7.93978879360833e-13	2	0	0	29	7611
SM00662	RPOLD	0.999999999999206	-7.93978879360833e-13	2	0	0	29	7611
SM01122	DBC1	0.999999999999206	-7.93978879360833e-13	2	0	0	29	7611
SM00476	DNaseIc	0.999999999999206	-7.93978879360833e-13	2	0	0	29	7611
SM01070	CDC37_M	0.999999999999206	-7.93978879360833e-13	2	0	0	29	7611
SM01086	ClpB_D2-small	0.999999999999206	-7.93978879360833e-13	2	0	0	29	7611
SM00500	SFM	0.999999999999206	-7.93978879360833e-13	2	0	0	29	7611
SM00963	SRP54_N	0.999999999999206	-7.93978879360833e-13	2	0	0	29	7611
SM01279	Matrilin_ccoil	0.999999999999206	-7.93978879360833e-13	2	0	0	29	7611
SM01142	DSHCT	0.999999999999206	-7.93978879360833e-13	2	0	0	29	7611
SM01268	BTD	0.999999999999206	-7.93978879360833e-13	2	0	0	29	7611
SM00227	NEBU	0.999999999999206	-7.93978879360833e-13	2	0	0	29	7611
SM00661	RPOL9	0.999999999999206	-7.93978879360833e-13	2	0	0	29	7611
SM01250	KAT11	0.999999999999206	-7.93978879360833e-13	2	0	0	29	7611
SM00254	ShKT	0.999999999999206	-7.93978879360833e-13	2	0	0	29	7611
SM00469	WIF	0.999999999999206	-7.93978879360833e-13	2	0	0	29	7611
SM01363	ACTH_domain	0.999999999999206	-7.93978879360833e-13	2	0	0	29	7611
SM00609	VIT	0.999999999999206	-7.93978879360833e-13	2	0	0	29	7611
SM00711	TDU	0.999999999999206	-7.93978879360833e-13	2	0	0	29	7611
SM00341	HRDC	0.999999999999206	-7.93978879360833e-13	2	0	0	29	7611
SM01145	DUF1041	0.999999999999206	-7.93978879360833e-13	2	0	0	29	7611
SM01002	AlaDh_PNT_C	0.999999999999206	-7.93978879360833e-13	2	0	0	29	7611
SM01000	Aha1_N	0.999999999999206	-7.93978879360833e-13	2	0	0	29	7611
SM01003	AlaDh_PNT_N	0.999999999999206	-7.93978879360833e-13	2	0	0	29	7611
SM00521	CBF	0.999999999999206	-7.93978879360833e-13	2	0	0	29	7611
SM00785	AARP2CN	0.999999999999206	-7.93978879360833e-13	2	0	0	29	7611
SM00278	HhH1	0.999999999999206	-7.93978879360833e-13	2	0	0	29	7611
SM00436	TOP1Bc	0.999999999999206	-7.93978879360833e-13	2	0	0	29	7611
SM01186	eIF3_N	0.999999999999206	-7.93978879360833e-13	2	0	0	29	7611
SM00363	S4	0.999999999999206	-7.93978879360833e-13	2	0	0	29	7611
SM01275	MamL-1	0.999999999999206	-7.93978879360833e-13	2	0	0	29	7611
SM00571	DDT	0.999999999999206	-7.93978879360833e-13	2	0	0	29	7611
SM01069	CDC37_C	0.999999999999206	-7.93978879360833e-13	2	0	0	29	7611
SM00853	MutL_C	0.999999999999206	-7.93978879360833e-13	2	0	0	29	7611
SM00827	PKS_AT	0.999999999999206	-7.93978879360833e-13	2	0	0	29	7611
SM00741	SapB	0.999999999999206	-7.93978879360833e-13	2	0	0	29	7611
SM01371	TFIIA	0.999999999999206	-7.93978879360833e-13	2	0	0	29	7611
SM01154	DUF1704	0.999999999999206	-7.93978879360833e-13	2	0	0	29	7611
SM00902	Fe_hyd_SSU	0.999999999999206	-7.93978879360833e-13	2	0	0	29	7611
SM00022	PLAc	0.999999999999206	-7.93978879360833e-13	2	0	0	29	7611
SM00896	FDX-ACB	0.999999999999206	-7.93978879360833e-13	2	0	0	29	7611
SM00134	LU	0.999999999999206	-7.93978879360833e-13	2	0	0	29	7611
SM01403	Ribosomal_S10	0.999999999999206	-7.93978879360833e-13	2	0	0	29	7611
SM00919	Malic_M	0.999999999999206	-7.93978879360833e-13	2	0	0	29	7611
SM01164	DUF1856	0.999999999999206	-7.93978879360833e-13	2	0	0	29	7611
SM00873	B3_4	0.999999999999206	-7.93978879360833e-13	2	0	0	29	7611
SM01260	LANC_like	0.999999999999206	-7.93978879360833e-13	2	0	0	29	7611
SM01074	Cdc6_C	0.999999999999206	-7.93978879360833e-13	2	0	0	29	7611
SM00758	PA14	0.999999999999206	-7.93978879360833e-13	2	0	0	29	7611
SM01010	AMPKBI	0.999999999999206	-7.93978879360833e-13	2	0	0	29	7611
SM00551	ZnF_TAZ	0.999999999999206	-7.93978879360833e-13	2	0	0	29	7611
SM00265	BH4	0.999999999999206	-7.93978879360833e-13	2	0	0	29	7611
SM00493	TOPRIM	0.999999999999206	-7.93978879360833e-13	2	0	0	29	7611
SM01083	Cir_N	0.999999999999206	-7.93978879360833e-13	2	0	0	29	7611
SM00731	SprT	0.999999999999206	-7.93978879360833e-13	2	0	0	29	7611
SM01383	Ribosomal_L2	0.999999999999206	-7.93978879360833e-13	2	0	0	29	7611
SM01161	DUF1767	0.999999999999206	-7.93978879360833e-13	2	0	0	29	7611
SM01291	N-SET	0.999999999999206	-7.93978879360833e-13	2	0	0	29	7611
SM00039	CRF	0.999999999999206	-7.93978879360833e-13	2	0	0	29	7611
SM01130	DHDPS	0.999999999999206	-7.93978879360833e-13	2	0	0	29	7611
SM01399	Sybindin	0.999999999999206	-7.93978879360833e-13	2	0	0	29	7611
SM01144	DTW	0.999999999999206	-7.93978879360833e-13	2	0	0	29	7611
SM00951	QLQ	0.999999999999206	-7.93978879360833e-13	2	0	0	29	7611
SM00535	RIBOc	0.999999999999206	-7.93978879360833e-13	2	0	0	29	7611
SM00013	LRRNT	0.999999999999326	-6.74294713963728e-13	39	0	0	29	7611
SM00738	NGN	0.999999999999743	-2.56898235323488e-13	1	0	0	29	7611
SM01084	CKS	0.999999999999743	-2.56898235323488e-13	1	0	0	29	7611
SM01350	6PGD	0.999999999999743	-2.56898235323488e-13	1	0	0	29	7611
SM00967	SpoU_sub_bind	0.999999999999743	-2.56898235323488e-13	1	0	0	29	7611
SM00586	ZnF_DBF	0.999999999999743	-2.56898235323488e-13	1	0	0	29	7611
SM01022	ASCH	0.999999999999743	-2.56898235323488e-13	1	0	0	29	7611
SM00986	UDG	0.999999999999743	-2.56898235323488e-13	1	0	0	29	7611
SM00898	Fapy_DNA_glyco	0.999999999999743	-2.56898235323488e-13	1	0	0	29	7611
SM01319	Tankyrase_bdg_C	0.999999999999743	-2.56898235323488e-13	1	0	0	29	7611
SM01220	FSA_C	0.999999999999743	-2.56898235323488e-13	1	0	0	29	7611
SM00992	YccV-like	0.999999999999743	-2.56898235323488e-13	1	0	0	29	7611
SM01097	CPSase_sm_chain	0.999999999999743	-2.56898235323488e-13	1	0	0	29	7611
SM01377	Ribosomal_L40e	0.999999999999743	-2.56898235323488e-13	1	0	0	29	7611
SM01378	Romo1	0.999999999999743	-2.56898235323488e-13	1	0	0	29	7611
SM00983	TPK_B1_binding	0.999999999999743	-2.56898235323488e-13	1	0	0	29	7611
SM00463	SMR	0.999999999999743	-2.56898235323488e-13	1	0	0	29	7611
SM01295	K167R	0.999999999999743	-2.56898235323488e-13	1	0	0	29	7611
SM01328	zf-3CxxC	0.999999999999743	-2.56898235323488e-13	1	0	0	29	7611
SM01170	DUF1944	0.999999999999743	-2.56898235323488e-13	1	0	0	29	7611
SM01352	APCDDC	0.999999999999743	-2.56898235323488e-13	1	0	0	29	7611
SM00976	Telo_bind	0.999999999999743	-2.56898235323488e-13	1	0	0	29	7611
SM01276	M60-like	0.999999999999743	-2.56898235323488e-13	1	0	0	29	7611
SM01013	APC2	0.999999999999743	-2.56898235323488e-13	1	0	0	29	7611
SM00937	PCRF	0.999999999999743	-2.56898235323488e-13	1	0	0	29	7611
SM01223	FTO_NTD	0.999999999999743	-2.56898235323488e-13	1	0	0	29	7611
SM01035	BOP1NT	0.999999999999743	-2.56898235323488e-13	1	0	0	29	7611
SM00804	TAP_C	0.999999999999743	-2.56898235323488e-13	1	0	0	29	7611
SM01204	FIST_C	0.999999999999743	-2.56898235323488e-13	1	0	0	29	7611
SM01004	ALAD	0.999999999999743	-2.56898235323488e-13	1	0	0	29	7611
SM00030	CLb	0.999999999999743	-2.56898235323488e-13	1	0	0	29	7611
SM00140	NGF	0.999999999999743	-2.56898235323488e-13	1	0	0	29	7611
SM01254	KLRAQ	0.999999999999743	-2.56898235323488e-13	1	0	0	29	7611
SM01120	Dak2	0.999999999999743	-2.56898235323488e-13	1	0	0	29	7611
SM01165	DUF1866	0.999999999999743	-2.56898235323488e-13	1	0	0	29	7611
SM01342	TAN	0.999999999999743	-2.56898235323488e-13	1	0	0	29	7611
SM01016	Arg_tRNA_synt_N	0.999999999999743	-2.56898235323488e-13	1	0	0	29	7611
SM01023	BAF	0.999999999999743	-2.56898235323488e-13	1	0	0	29	7611
SM00035	CLa	0.999999999999743	-2.56898235323488e-13	1	0	0	29	7611
SM01346	DUF3385	0.999999999999743	-2.56898235323488e-13	1	0	0	29	7611
SM01001	AIRC	0.999999999999743	-2.56898235323488e-13	1	0	0	29	7611
SM01124	DBR1	0.999999999999743	-2.56898235323488e-13	1	0	0	29	7611
SM01344	NUC194	0.999999999999743	-2.56898235323488e-13	1	0	0	29	7611
SM00904	Flavokinase	0.999999999999743	-2.56898235323488e-13	1	0	0	29	7611
SM00162	SAPA	0.999999999999743	-2.56898235323488e-13	1	0	0	29	7611
SM01181	E2_bind	0.999999999999743	-2.56898235323488e-13	1	0	0	29	7611
SM01284	ECSIT_Cterm	0.999999999999743	-2.56898235323488e-13	1	0	0	29	7611
SM01082	CHZ	0.999999999999743	-2.56898235323488e-13	1	0	0	29	7611
SM00587	CHK	0.999999999999743	-2.56898235323488e-13	1	0	0	29	7611
SM01364	NPP	0.999999999999743	-2.56898235323488e-13	1	0	0	29	7611
SM01123	DBP10CT	0.999999999999743	-2.56898235323488e-13	1	0	0	29	7611
SM00683	DM16	0.999999999999743	-2.56898235323488e-13	1	0	0	29	7611
SM01060	Catalase	0.999999999999743	-2.56898235323488e-13	1	0	0	29	7611
SM01278	MAPKK1_Int	0.999999999999743	-2.56898235323488e-13	1	0	0	29	7611
SM01348	Nbs1_C	0.999999999999743	-2.56898235323488e-13	1	0	0	29	7611
SM00874	B5	0.999999999999743	-2.56898235323488e-13	1	0	0	29	7611
SM01131	DHHA2	0.999999999999743	-2.56898235323488e-13	1	0	0	29	7611
SM00247	XTALbg	0.999999999999743	-2.56898235323488e-13	1	0	0	29	7611
SM01168	DUF1907	0.999999999999743	-2.56898235323488e-13	1	0	0	29	7611
SM00748	HEPN	0.999999999999743	-2.56898235323488e-13	1	0	0	29	7611
SM01249	KASH	0.999999999999743	-2.56898235323488e-13	1	0	0	29	7611
SM01125	DCP2	0.999999999999743	-2.56898235323488e-13	1	0	0	29	7611
SM01133	DeoC	0.999999999999743	-2.56898235323488e-13	1	0	0	29	7611
SM01413	Ribosomal_S19e	0.999999999999743	-2.56898235323488e-13	1	0	0	29	7611
SM01162	DUF1771	0.999999999999743	-2.56898235323488e-13	1	0	0	29	7611
SM01155	DUF1713	0.999999999999743	-2.56898235323488e-13	1	0	0	29	7611
SM01293	DUF3402	0.999999999999743	-2.56898235323488e-13	1	0	0	29	7611
SM01286	SPT16	0.999999999999743	-2.56898235323488e-13	1	0	0	29	7611
SM01098	CPSF73-100_C	0.999999999999743	-2.56898235323488e-13	1	0	0	29	7611
SM01008	Ald_Xan_dh_C	0.999999999999743	-2.56898235323488e-13	1	0	0	29	7611
SM00922	MR_MLE	0.999999999999743	-2.56898235323488e-13	1	0	0	29	7611
SM00018	PD	0.999999999999743	-2.56898235323488e-13	1	0	0	29	7611
SM00613	PAW	0.999999999999743	-2.56898235323488e-13	1	0	0	29	7611
SM01036	BP28CT	0.999999999999743	-2.56898235323488e-13	1	0	0	29	7611
SM01341	Tower	0.999999999999743	-2.56898235323488e-13	1	0	0	29	7611
SM01031	BHD_2	0.999999999999743	-2.56898235323488e-13	1	0	0	29	7611
SM00928	NADH_4Fe-4S	0.999999999999743	-2.56898235323488e-13	1	0	0	29	7611
SM00466	SRA	0.999999999999743	-2.56898235323488e-13	1	0	0	29	7611
SM00754	CHRD	0.999999999999743	-2.56898235323488e-13	1	0	0	29	7611
SM01085	CK_II_beta	0.999999999999743	-2.56898235323488e-13	1	0	0	29	7611
SM01386	Ribosomal_S13_N	0.999999999999743	-2.56898235323488e-13	1	0	0	29	7611
SM01047	C1_4	0.999999999999743	-2.56898235323488e-13	1	0	0	29	7611
SM01169	DUF1943	0.999999999999743	-2.56898235323488e-13	1	0	0	29	7611
SM00087	PTH	0.999999999999743	-2.56898235323488e-13	1	0	0	29	7611
SM01071	CDC37_N	0.999999999999743	-2.56898235323488e-13	1	0	0	29	7611
SM00798	AICARFT_IMPCHas	0.999999999999743	-2.56898235323488e-13	1	0	0	29	7611
SM00659	RPOLCX	0.999999999999743	-2.56898235323488e-13	1	0	0	29	7611
SM00245	TSPc	0.999999999999743	-2.56898235323488e-13	1	0	0	29	7611
SM00318	SNc	0.999999999999743	-2.56898235323488e-13	1	0	0	29	7611
SM00858	SAF	0.999999999999743	-2.56898235323488e-13	1	0	0	29	7611
SM01126	DDE_Tnp_IS1595	0.999999999999743	-2.56898235323488e-13	1	0	0	29	7611
SM01219	Frataxin_Cyay	0.999999999999743	-2.56898235323488e-13	1	0	0	29	7611
SM01302	Raptor_N	0.999999999999743	-2.56898235323488e-13	1	0	0	29	7611
SM00635	BID_2	0.999999999999743	-2.56898235323488e-13	1	0	0	29	7611
SM00719	Plus3	0.999999999999743	-2.56898235323488e-13	1	0	0	29	7611
SM00882	CoA_trans	0.999999999999743	-2.56898235323488e-13	1	0	0	29	7611
SM00833	CobW_C	0.999999999999743	-2.56898235323488e-13	1	0	0	29	7611
SM00525	FES	0.999999999999743	-2.56898235323488e-13	1	0	0	29	7611
SM01032	BHD_3	0.999999999999743	-2.56898235323488e-13	1	0	0	29	7611
SM00433	TOP2c	0.999999999999743	-2.56898235323488e-13	1	0	0	29	7611
SM00845	GatB_Yqey	0.999999999999743	-2.56898235323488e-13	1	0	0	29	7611
SM00438	ZnF_NFX	0.999999999999743	-2.56898235323488e-13	1	0	0	29	7611
SM00538	POP4	0.999999999999743	-2.56898235323488e-13	1	0	0	29	7611
SM00494	ChtBD2	0.999999999999743	-2.56898235323488e-13	1	0	0	29	7611
SM00823	PKS_PP	0.999999999999743	-2.56898235323488e-13	1	0	0	29	7611
SM00784	SPT2	0.999999999999743	-2.56898235323488e-13	1	0	0	29	7611
SM01262	LAMTOR	0.999999999999743	-2.56898235323488e-13	1	0	0	29	7611
SM00998	ADSL_C	0.999999999999743	-2.56898235323488e-13	1	0	0	29	7611
SM01077	Cg6151-P	0.999999999999743	-2.56898235323488e-13	1	0	0	29	7611
SM01402	Ribosomal_S27	0.999999999999743	-2.56898235323488e-13	1	0	0	29	7611
SM00934	OMPdecase	0.999999999999743	-2.56898235323488e-13	1	0	0	29	7611
SM00743	Agenet	0.999999999999743	-2.56898235323488e-13	1	0	0	29	7611
SM01152	DUF167	0.999999999999743	-2.56898235323488e-13	1	0	0	29	7611
SM00910	HIRAN	0.999999999999743	-2.56898235323488e-13	1	0	0	29	7611
SM00945	ProQ	0.999999999999743	-2.56898235323488e-13	1	0	0	29	7611
SM00434	TOP4c	0.999999999999743	-2.56898235323488e-13	1	0	0	29	7611
SM00752	HTTM	0.999999999999743	-2.56898235323488e-13	1	0	0	29	7611
SM01030	BHD_1	0.999999999999743	-2.56898235323488e-13	1	0	0	29	7611
SM01237	ICA69	0.999999999999743	-2.56898235323488e-13	1	0	0	29	7611
SM00944	Pro-kuma_activ	0.999999999999743	-2.56898235323488e-13	1	0	0	29	7611
SM01104	CTD	0.999999999999743	-2.56898235323488e-13	1	0	0	29	7611
SM01393	Ribosomal_L32e	0.999999999999743	-2.56898235323488e-13	1	0	0	29	7611
SM00473	PAN_AP	0.999999999999743	-2.56898235323488e-13	1	0	0	29	7611
SM01239	IKKbetaNEMObind	0.999999999999743	-2.56898235323488e-13	1	0	0	29	7611
SM01406	PAPA-1	0.999999999999743	-2.56898235323488e-13	1	0	0	29	7611
SM00946	ProRS-C_1	0.999999999999743	-2.56898235323488e-13	1	0	0	29	7611
SM01119	D-ser_dehydrat	0.999999999999743	-2.56898235323488e-13	1	0	0	29	7611
SM01118	CYTH	0.999999999999743	-2.56898235323488e-13	1	0	0	29	7611
SM01269	Lipid_DES	0.999999999999743	-2.56898235323488e-13	1	0	0	29	7611
SM00657	RPOL4c	0.999999999999743	-2.56898235323488e-13	1	0	0	29	7611
SM00893	ETF	0.999999999999743	-2.56898235323488e-13	1	0	0	29	7611
SM00226	LMWPc	0.999999999999743	-2.56898235323488e-13	1	0	0	29	7611
SM00762	Cog4	0.999999999999743	-2.56898235323488e-13	1	0	0	29	7611
SM00870	Asparaginase	0.999999999999743	-2.56898235323488e-13	1	0	0	29	7611
SM00860	SMI1_KNR4	0.999999999999743	-2.56898235323488e-13	1	0	0	29	7611
SM01096	CPSase_L_D3	0.999999999999743	-2.56898235323488e-13	1	0	0	29	7611
SM01354	BLVR	0.999999999999743	-2.56898235323488e-13	1	0	0	29	7611
SM01018	B12-binding_2	0.999999999999743	-2.56898235323488e-13	1	0	0	29	7611
SM00929	NADH-G_4Fe-4S_3	0.999999999999743	-2.56898235323488e-13	1	0	0	29	7611
SM01253	Kin17_mid	0.999999999999743	-2.56898235323488e-13	1	0	0	29	7611
SM00113	CALCITONIN	0.999999999999743	-2.56898235323488e-13	1	0	0	29	7611
SM01024	BCS1_N	0.999999999999743	-2.56898235323488e-13	1	0	0	29	7611
SM01092	CO_deh_flav_C	0.999999999999743	-2.56898235323488e-13	1	0	0	29	7611
SM01290	N-glycanase_N	0.999999999999743	-2.56898235323488e-13	1	0	0	29	7611
SM01347	Mre11_DNA_bind	0.999999999999743	-2.56898235323488e-13	1	0	0	29	7611
SM00805	AGTRAP	0.999999999999743	-2.56898235323488e-13	1	0	0	29	7611
SM00085	PA2c	0.999999999999743	-2.56898235323488e-13	1	0	0	29	7611
SM01311	RPOL_N	0.999999999999743	-2.56898235323488e-13	1	0	0	29	7611
SM01183	EF1G	0.999999999999743	-2.56898235323488e-13	1	0	0	29	7611
SM00709	Zpr1	0.999999999999743	-2.56898235323488e-13	1	0	0	29	7611
SM01396	BC10	0.999999999999743	-2.56898235323488e-13	1	0	0	29	7611
SM01206	Fibrillarin	0.999999999999743	-2.56898235323488e-13	1	0	0	29	7611
SM00990	VRR_NUC	0.999999999999743	-2.56898235323488e-13	1	0	0	29	7611
SM00883	Cpn10	0.999999999999743	-2.56898235323488e-13	1	0	0	29	7611
SM00632	Aamy_C	0.999999999999743	-2.56898235323488e-13	1	0	0	29	7611
SM01405	Ribosomal_S6e	0.999999999999743	-2.56898235323488e-13	1	0	0	29	7611
SM01222	FTCD_N	0.999999999999743	-2.56898235323488e-13	1	0	0	29	7611
SM00780	PIG-X	0.999999999999743	-2.56898235323488e-13	1	0	0	29	7611
SM00826	PKS_DH	0.999999999999743	-2.56898235323488e-13	1	0	0	29	7611
SM00062	PBPb	0.999999999999743	-2.56898235323488e-13	1	0	0	29	7611
SM01210	GARS_C	0.999999999999743	-2.56898235323488e-13	1	0	0	29	7611
SM01173	DUF4187	0.999999999999743	-2.56898235323488e-13	1	0	0	29	7611
SM00984	UDPG_MGDP_dh_C	0.999999999999743	-2.56898235323488e-13	1	0	0	29	7611
SM01395	Tbf5	0.999999999999743	-2.56898235323488e-13	1	0	0	29	7611
SM00658	RPOL8c	0.999999999999743	-2.56898235323488e-13	1	0	0	29	7611
SM00067	GHA	0.999999999999743	-2.56898235323488e-13	1	0	0	29	7611
SM00732	YqgFc	0.999999999999743	-2.56898235323488e-13	1	0	0	29	7611
SM01370	TAFII55_N	0.999999999999743	-2.56898235323488e-13	1	0	0	29	7611
SM01044	Btz	0.999999999999743	-2.56898235323488e-13	1	0	0	29	7611
SM00792	Agouti	0.999999999999743	-2.56898235323488e-13	1	0	0	29	7611
SM01156	DUF1716	0.999999999999743	-2.56898235323488e-13	1	0	0	29	7611
SM01135	DIRP	0.999999999999743	-2.56898235323488e-13	1	0	0	29	7611
SM01282	DBB	0.999999999999743	-2.56898235323488e-13	1	0	0	29	7611
SM01158	DUF1741	0.999999999999743	-2.56898235323488e-13	1	0	0	29	7611
SM00470	ParB	0.999999999999743	-2.56898235323488e-13	1	0	0	29	7611
SM01373	MAGE	0.999999999999743	-2.56898235323488e-13	1	0	0	29	7611
SM01335	PADR1	0.999999999999743	-2.56898235323488e-13	1	0	0	29	7611
SM01404	CIMR	0.999999999999743	-2.56898235323488e-13	1	0	0	29	7611
SM00802	UME	0.999999999999743	-2.56898235323488e-13	1	0	0	29	7611
SM01264	M16C_associated	0.999999999999743	-2.56898235323488e-13	1	0	0	29	7611
SM01033	BING4CT	0.999999999999743	-2.56898235323488e-13	1	0	0	29	7611
SM01416	Ribosomal_L19e	0.999999999999743	-2.56898235323488e-13	1	0	0	29	7611
SM01296	N2227	0.999999999999743	-2.56898235323488e-13	1	0	0	29	7611
SM01397	Ribosomal_S3Ae	0.999999999999743	-2.56898235323488e-13	1	0	0	29	7611
SM00272	END	0.999999999999743	-2.56898235323488e-13	1	0	0	29	7611
SM00654	eIF6	0.999999999999743	-2.56898235323488e-13	1	0	0	29	7611
SM01159	DUF1744	0.999999999999743	-2.56898235323488e-13	1	0	0	29	7611
SM00530	HTH_XRE	0.999999999999743	-2.56898235323488e-13	1	0	0	29	7611
SM01292	N1221	0.999999999999743	-2.56898235323488e-13	1	0	0	29	7611
SM01191	ENT	0.999999999999743	-2.56898235323488e-13	1	0	0	29	7611
SM00531	TFIIE	0.999999999999743	-2.56898235323488e-13	1	0	0	29	7611
SM00301	DM	0.999999999999743	-2.56898235323488e-13	1	0	0	29	7611
SM00068	GHB	0.999999999999743	-2.56898235323488e-13	1	0	0	29	7611
SM01380	Ribosomal_L31e	0.999999999999743	-2.56898235323488e-13	1	0	0	29	7611
SM00567	EZ_HEAT	0.999999999999743	-2.56898235323488e-13	1	0	0	29	7611
SM01136	DKCLD	0.999999999999743	-2.56898235323488e-13	1	0	0	29	7611
SM01283	Costars	0.999999999999743	-2.56898235323488e-13	1	0	0	29	7611
SM01285	FACT-Spt16_Nlob	0.999999999999743	-2.56898235323488e-13	1	0	0	29	7611
SM00507	HNHc	0.999999999999743	-2.56898235323488e-13	1	0	0	29	7611
SM01281	Med12	0.999999999999743	-2.56898235323488e-13	1	0	0	29	7611
SM01389	Spt4	0.999999999999743	-2.56898235323488e-13	1	0	0	29	7611
SM01011	AMP_N	0.999999999999743	-2.56898235323488e-13	1	0	0	29	7611
SM00799	DENN	0.999999999999807	-1.93423869961832e-13	14	0	0	29	7611
SM00645	Pept_C1	0.999999999999807	-1.93423869961832e-13	14	0	0	29	7611
SM00615	EPH_lbd	0.999999999999807	-1.93423869961832e-13	14	0	0	29	7611
SM00720	calpain_III	0.999999999999807	-1.93423869961832e-13	14	0	0	29	7611
SM00037	CNX	0.999999999999807	-1.93423869961832e-13	14	0	0	29	7611
SM00137	MAM	0.999999999999807	-1.93423869961832e-13	14	0	0	29	7611
SM00666	PB1	0.999999999999807	-1.93423869961832e-13	14	0	0	29	7611
SM01089	Connexin_CCC	0.999999999999807	-1.93423869961832e-13	14	0	0	29	7611
SM00291	ZnF_ZZ	0.999999999999807	-1.93423869961832e-13	14	0	0	29	7611
SM00829	PKS_ER	0.999999999999807	-1.93423869961832e-13	14	0	0	29	7611
SM00120	HX	0.999999999999807	-1.93423869961832e-13	14	0	0	29	7611
SM00801	dDENN	0.999999999999807	-1.93423869961832e-13	14	0	0	29	7611
SM01332	Cyclin_C	0.999999999999807	-1.93423869961832e-13	14	0	0	29	7611
SM00454	SAM	1.00000000000009	8.94427829875918e-14	70	0	0	29	7611
SM00082	LRRCT	1.00000000000115	1.15278209147766e-12	63	0	0	29	7611
SM00231	FA58C	1.00000000000194	1.94038572612105e-12	22	0	0	29	7611
SM00667	LisH	1.00000000000194	1.94038572612105e-12	22	0	0	29	7611
SM00692	DM3	1.00000000000194	1.94038572612105e-12	22	0	0	29	7611
SM00086	PAC	1.00000000000194	1.94038572612105e-12	22	0	0	29	7611
SM01411	Ephrin_rec_like	1.00000000000194	1.94038572612105e-12	22	0	0	29	7611
SM00332	PP2Cc	1.00000000000194	1.94038572612105e-12	22	0	0	29	7611
SM00032	CCP	1.00000000000203	2.03108978178688e-12	32	0	0	29	7611
SM00192	LDLa	1.00000000000203	2.03108978178688e-12	32	0	0	29	7611
SM00164	TBC	1.00000000000203	2.03108978178688e-12	32	0	0	29	7611
SM00969	SOCS_box	1.00000000000203	2.03108978178688e-12	32	0	0	29	7611
SM00069	GLA	1.00000000000207	2.07276822625713e-12	9	0	0	29	7611
SM00390	GoLoco	1.00000000000207	2.07276822625713e-12	9	0	0	29	7611
SM00545	JmjN	1.00000000000207	2.07276822625713e-12	9	0	0	29	7611
SM00241	ZP	1.00000000000207	2.07276822625713e-12	9	0	0	29	7611
SM00274	FOLN	1.00000000000207	2.07276822625713e-12	9	0	0	29	7611
SM00546	CUE	1.00000000000207	2.07276822625713e-12	9	0	0	29	7611
SM00508	PostSET	1.00000000000207	2.07276822625713e-12	9	0	0	29	7611
SM00021	DAX	1.00000000000207	2.07276822625713e-12	9	0	0	29	7611
SM00141	PDGF	1.00000000000207	2.07276822625713e-12	9	0	0	29	7611
SM00154	ZnF_AN1	1.00000000000207	2.07276822625713e-12	9	0	0	29	7611
SM00004	NL	1.00000000000207	2.07276822625713e-12	9	0	0	29	7611
SM01025	BEN	1.00000000000207	2.07276822625713e-12	9	0	0	29	7611
SM00166	UBX	1.00000000000207	2.07276822625713e-12	9	0	0	29	7611
SM00707	RPEL	1.00000000000207	2.07276822625713e-12	9	0	0	29	7611
SM00849	Lactamase_B	1.00000000000207	2.07276822625713e-12	9	0	0	29	7611
SM00159	PTX	1.00000000000207	2.07276822625713e-12	9	0	0	29	7611
SM00386	HAT	1.00000000000207	2.07276822625713e-12	9	0	0	29	7611
SM00131	KU	1.00000000000207	2.07276822625713e-12	9	0	0	29	7611
SM00467	GS	1.00000000000207	2.07276822625713e-12	9	0	0	29	7611
SM00838	EFG_C	1.00000000000207	2.07276822625713e-12	9	0	0	29	7611
SM01372	E2F_TDP	1.00000000000207	2.07276822625713e-12	9	0	0	29	7611
SM00280	KAZAL	1.00000000000221	2.21211801199975e-12	20	0	0	29	7611
SM00049	DEP	1.00000000000221	2.21211801199975e-12	20	0	0	29	7611
SM00413	ETS	1.00000000000221	2.21211801199975e-12	20	0	0	29	7611
SM00008	HormR	1.00000000000221	2.21211801199975e-12	20	0	0	29	7611
SM00240	FHA	1.00000000000221	2.21211801199975e-12	20	0	0	29	7611
SM00333	TUDOR	1.00000000000221	2.21211801199975e-12	20	0	0	29	7611
SM00210	TSPN	1.00000000000221	2.21211801199975e-12	20	0	0	29	7611
SM00724	TLC	1.00000000000221	2.21211801199975e-12	20	0	0	29	7611
SM00516	SEC14	1.00000000000221	2.21211801199975e-12	20	0	0	29	7611
SM00408	IGc2	1.00000000000222	2.22412041769722e-12	173	0	0	29	7611
SM00055	FCH	1.00000000000243	2.42705609354088e-12	21	0	0	29	7611
SM00014	acidPPc	1.00000000000243	2.42705609354088e-12	21	0	0	29	7611
SM00119	HECTc	1.00000000000243	2.42705609354088e-12	21	0	0	29	7611
SM00498	FH2	1.00000000000344	3.43775218307003e-12	10	0	0	29	7611
SM00145	PI3Ka	1.00000000000344	3.43775218307003e-12	10	0	0	29	7611
SM00051	DSL	1.00000000000344	3.43775218307003e-12	10	0	0	29	7611
SM00276	GLECT	1.00000000000344	3.43775218307003e-12	10	0	0	29	7611
SM00259	ZnF_A20	1.00000000000344	3.43775218307003e-12	10	0	0	29	7611
SM00908	Gal-bind_lectin	1.00000000000344	3.43775218307003e-12	10	0	0	29	7611
SM00848	Inhibitor_I29	1.00000000000344	3.43775218307003e-12	10	0	0	29	7611
SM00501	BRIGHT	1.00000000000344	3.43775218307003e-12	10	0	0	29	7611
SM00182	CULLIN	1.00000000000344	3.43775218307003e-12	10	0	0	29	7611
SM00232	JAB_MPN	1.00000000000344	3.43775218307003e-12	10	0	0	29	7611
SM01195	FA	1.00000000000344	3.43775218307003e-12	10	0	0	29	7611
SM00335	ANX	1.00000000000344	3.43775218307003e-12	10	0	0	29	7611
SM00948	Proteasome_A_N	1.00000000000344	3.43775218307003e-12	10	0	0	29	7611
SM00262	GEL	1.00000000000344	3.43775218307003e-12	10	0	0	29	7611
SM00302	GED	1.00000000000344	3.43775218307003e-12	10	0	0	29	7611
SM00455	RBD	1.00000000000344	3.43775218307003e-12	10	0	0	29	7611
SM00130	KR	1.00000000000344	3.43775218307003e-12	10	0	0	29	7611
SM00369	LRR_TYP	1.00000000000366	3.65993186013657e-12	136	0	0	29	7611
SM00181	EGF	1.00000000000384	3.84261865956859e-12	143	0	0	29	7611
SM00325	RhoGEF	1.00000000000398	3.98018594091202e-12	69	0	0	29	7611
SM00451	ZnF_U1	1.000000000004	4.00002047006518e-12	26	0	0	29	7611
SM00147	RasGEF	1.000000000004	4.00002047006518e-12	26	0	0	29	7611
SM00980	THAP	1.000000000004	4.00002047006518e-12	26	0	0	29	7611
SM01057	Carb_anhydrase	1.00000000000413	4.13211176092268e-12	13	0	0	29	7611
SM00211	TY	1.00000000000413	4.13211176092268e-12	13	0	0	29	7611
SM00427	H2B	1.00000000000413	4.13211176092268e-12	13	0	0	29	7611
SM00115	CASc	1.00000000000413	4.13211176092268e-12	13	0	0	29	7611
SM00038	COLFI	1.00000000000413	4.13211176092268e-12	13	0	0	29	7611
SM00284	OLF	1.00000000000413	4.13211176092268e-12	13	0	0	29	7611
SM01330	Frizzled	1.00000000000413	4.13211176092268e-12	13	0	0	29	7611
SM00273	ENTH	1.00000000000413	4.13211176092268e-12	13	0	0	29	7611
SM00097	WNT1	1.00000000000413	4.13211176092268e-12	13	0	0	29	7611
SM00439	BAH	1.00000000000413	4.13211176092268e-12	13	0	0	29	7611
SM00504	Ubox	1.00000000000413	4.13211176092268e-12	13	0	0	29	7611
SM00244	PHB	1.00000000000413	4.13211176092268e-12	13	0	0	29	7611
SM00524	DWB	1.00000000000413	4.13211176092268e-12	13	0	0	29	7611
SM00800	uDENN	1.00000000000413	4.13211176092268e-12	13	0	0	29	7611
SM00490	HELICc	1.00000000000511	5.10900745242532e-12	87	0	0	29	7611
SM00285	PBD	1.00000000000523	5.23137557868796e-12	17	0	0	29	7611
SM00294	4.1m	1.00000000000523	5.23137557868796e-12	17	0	0	29	7611
SM00235	ZnMc	1.00000000000523	5.23137557868796e-12	17	0	0	29	7611
SM00721	BAR	1.00000000000523	5.23137557868796e-12	17	0	0	29	7611
SM00526	H15	1.00000000000523	5.23137557868796e-12	17	0	0	29	7611
SM00146	PI3Kc	1.00000000000523	5.23137557868796e-12	17	0	0	29	7611
SM00865	Tubulin_C	1.00000000000523	5.23137557868796e-12	17	0	0	29	7611
SM00224	GGL	1.00000000000523	5.23137557868796e-12	17	0	0	29	7611
SM00156	PP2Ac	1.00000000000523	5.23137557868796e-12	17	0	0	29	7611
SM00744	RINGv	1.00000000000523	5.23137557868796e-12	17	0	0	29	7611
SM00121	IB	1.00000000000523	5.23137557868796e-12	17	0	0	29	7611
SM00831	Cation_ATPase_N	1.00000000000523	5.23137557868796e-12	17	0	0	29	7611
SM00249	PHD	1.00000000000524	5.2380076161503e-12	85	0	0	29	7611
SM00875	BACK	1.00000000000543	5.4340158729301e-12	51	0	0	29	7611
SM00382	AAA	1.0000000000057	5.70443025643504e-12	112	0	0	29	7611
SM00110	C1Q	1.00000000000621	6.20959727546986e-12	28	0	0	29	7611
SM00105	ArfGap	1.00000000000621	6.20959727546986e-12	28	0	0	29	7611
SM00317	SET	1.00000000000621	6.20959727546986e-12	28	0	0	29	7611
SM00064	FYVE	1.00000000000621	6.20959727546986e-12	28	0	0	29	7611
SM00133	S_TK_X	1.00000000000623	6.22744427158384e-12	55	0	0	29	7611
SM00398	HMG	1.00000000000623	6.22744427158384e-12	55	0	0	29	7611
SM00054	EFh	1.00000000000661	6.60716007790982e-12	128	0	0	29	7611
SM00608	ACR	1.00000000000662	6.62174556412198e-12	12	0	0	29	7611
SM00191	Int_alpha	1.00000000000662	6.62174556412198e-12	12	0	0	29	7611
SM00292	BRCT	1.00000000000662	6.62174556412198e-12	12	0	0	29	7611
SM00855	PGAM	1.00000000000662	6.62174556412198e-12	12	0	0	29	7611
SM01052	CAP_GLY	1.00000000000662	6.62174556412198e-12	12	0	0	29	7611
SM00384	AT_hook	1.00000000000662	6.62174556412198e-12	12	0	0	29	7611
SM00246	WH2	1.00000000000662	6.62174556412198e-12	12	0	0	29	7611
SM00343	ZnF_C2HC	1.00000000000662	6.62174556412198e-12	12	0	0	29	7611
SM00577	CPDc	1.00000000000662	6.62174556412198e-12	12	0	0	29	7611
SM01117	Cyt-b5	1.00000000000662	6.62174556412198e-12	12	0	0	29	7611
SM00149	PLCYc	1.00000000000662	6.62174556412198e-12	12	0	0	29	7611
SM00445	LINK	1.00000000000662	6.62174556412198e-12	12	0	0	29	7611
SM00726	UIM	1.00000000000662	6.62174556412198e-12	12	0	0	29	7611
SM00352	POU	1.00000000000662	6.62174556412198e-12	12	0	0	29	7611
SM00310	PTBI	1.00000000000662	6.62174556412198e-12	12	0	0	29	7611
SM00233	PH	1.00000000000697	6.97063958463959e-12	244	0	0	29	7611
SM00881	CoA_binding	1.00000000000714	7.14224316036232e-12	3	0	0	29	7611
SM00104	ANATO	1.00000000000714	7.14224316036232e-12	3	0	0	29	7611
SM01299	PIP49_N	1.00000000000714	7.14224316036232e-12	3	0	0	29	7611
SM00722	CASH	1.00000000000714	7.14224316036232e-12	3	0	0	29	7611
SM00057	FIMAC	1.00000000000714	7.14224316036232e-12	3	0	0	29	7611
SM01146	DUF1086	1.00000000000714	7.14224316036232e-12	3	0	0	29	7611
SM01199	FDF	1.00000000000714	7.14224316036232e-12	3	0	0	29	7611
SM00426	TEA	1.00000000000714	7.14224316036232e-12	3	0	0	29	7611
SM00484	XPGI	1.00000000000714	7.14224316036232e-12	3	0	0	29	7611
SM01287	Rtt106	1.00000000000714	7.14224316036232e-12	3	0	0	29	7611
SM01138	DP	1.00000000000714	7.14224316036232e-12	3	0	0	29	7611
SM01398	Cornichon	1.00000000000714	7.14224316036232e-12	3	0	0	29	7611
SM00916	L51_S25_CI-B8	1.00000000000714	7.14224316036232e-12	3	0	0	29	7611
SM00533	MUTSd	1.00000000000714	7.14224316036232e-12	3	0	0	29	7611
SM00435	TOPEUc	1.00000000000714	7.14224316036232e-12	3	0	0	29	7611
SM00485	XPGN	1.00000000000714	7.14224316036232e-12	3	0	0	29	7611
SM00152	THY	1.00000000000714	7.14224316036232e-12	3	0	0	29	7611
SM00309	PAH	1.00000000000714	7.14224316036232e-12	3	0	0	29	7611
SM00751	BSD	1.00000000000714	7.14224316036232e-12	3	0	0	29	7611
SM00098	alkPPc	1.00000000000714	7.14224316036232e-12	3	0	0	29	7611
SM00534	MUTSac	1.00000000000714	7.14224316036232e-12	3	0	0	29	7611
SM00478	ENDO3c	1.00000000000714	7.14224316036232e-12	3	0	0	29	7611
SM00891	ERCC4	1.00000000000714	7.14224316036232e-12	3	0	0	29	7611
SM00193	PTN	1.00000000000714	7.14224316036232e-12	3	0	0	29	7611
SM01271	LSM14	1.00000000000714	7.14224316036232e-12	3	0	0	29	7611
SM00553	SEP	1.00000000000714	7.14224316036232e-12	3	0	0	29	7611
SM00603	LCCL	1.00000000000714	7.14224316036232e-12	3	0	0	29	7611
SM00704	ZnF_CDGSH	1.00000000000714	7.14224316036232e-12	3	0	0	29	7611
SM00576	BTP	1.00000000000714	7.14224316036232e-12	3	0	0	29	7611
SM00045	DAGKa	1.00000000000714	7.14224316036232e-12	3	0	0	29	7611
SM00836	DALR_1	1.00000000000714	7.14224316036232e-12	3	0	0	29	7611
SM00996	AdoHcyase	1.00000000000714	7.14224316036232e-12	3	0	0	29	7611
SM00993	YL1_C	1.00000000000714	7.14224316036232e-12	3	0	0	29	7611
SM00217	WAP	1.00000000000714	7.14224316036232e-12	3	0	0	29	7611
SM00755	Grip	1.00000000000714	7.14224316036232e-12	3	0	0	29	7611
SM01180	DWNN	1.00000000000714	7.14224316036232e-12	3	0	0	29	7611
SM00595	MADF	1.00000000000714	7.14224316036232e-12	3	0	0	29	7611
SM00973	Sec63	1.00000000000714	7.14224316036232e-12	3	0	0	29	7611
SM00299	CLH	1.00000000000714	7.14224316036232e-12	3	0	0	29	7611
SM00931	NOSIC	1.00000000000714	7.14224316036232e-12	3	0	0	29	7611
SM00311	PWI	1.00000000000714	7.14224316036232e-12	3	0	0	29	7611
SM01115	cwf21	1.00000000000714	7.14224316036232e-12	3	0	0	29	7611
SM00444	GYF	1.00000000000714	7.14224316036232e-12	3	0	0	29	7611
SM00560	LamGL	1.00000000000714	7.14224316036232e-12	3	0	0	29	7611
SM00733	Mterf	1.00000000000714	7.14224316036232e-12	3	0	0	29	7611
SM00676	DM10	1.00000000000714	7.14224316036232e-12	3	0	0	29	7611
SM00329	BPI2	1.00000000000714	7.14224316036232e-12	3	0	0	29	7611
SM00985	UBA_e1_C	1.00000000000714	7.14224316036232e-12	3	0	0	29	7611
SM00650	rADc	1.00000000000714	7.14224316036232e-12	3	0	0	29	7611
SM01415	DUF106	1.00000000000714	7.14224316036232e-12	3	0	0	29	7611
SM01368	RB_A	1.00000000000714	7.14224316036232e-12	3	0	0	29	7611
SM00392	PROF	1.00000000000714	7.14224316036232e-12	3	0	0	29	7611
SM01151	DUF1518	1.00000000000714	7.14224316036232e-12	3	0	0	29	7611
SM00573	HSA	1.00000000000714	7.14224316036232e-12	3	0	0	29	7611
SM00198	SCP	1.00000000000714	7.14224316036232e-12	3	0	0	29	7611
SM00652	eIF1a	1.00000000000714	7.14224316036232e-12	3	0	0	29	7611
SM00090	RIO	1.00000000000714	7.14224316036232e-12	3	0	0	29	7611
SM00672	CAP10	1.00000000000714	7.14224316036232e-12	3	0	0	29	7611
SM00555	GIT	1.00000000000714	7.14224316036232e-12	3	0	0	29	7611
SM00243	GAS2	1.00000000000714	7.14224316036232e-12	3	0	0	29	7611
SM01147	DUF1087	1.00000000000714	7.14224316036232e-12	3	0	0	29	7611
SM00512	Skp1	1.00000000000714	7.14224316036232e-12	3	0	0	29	7611
SM00328	BPI1	1.00000000000714	7.14224316036232e-12	3	0	0	29	7611
SM01246	Josephin	1.00000000000714	7.14224316036232e-12	3	0	0	29	7611
SM00888	EF1_GNE	1.00000000000714	7.14224316036232e-12	3	0	0	29	7611
SM00788	Adenylsucc_synt	1.00000000000714	7.14224316036232e-12	3	0	0	29	7611
SM00761	HDAC_interact	1.00000000000714	7.14224316036232e-12	3	0	0	29	7611
SM01367	DUF3452	1.00000000000714	7.14224316036232e-12	3	0	0	29	7611
SM00594	UAS	1.00000000000714	7.14224316036232e-12	3	0	0	29	7611
SM00321	WSC	1.00000000000714	7.14224316036232e-12	3	0	0	29	7611
SM00279	HhH2	1.00000000000714	7.14224316036232e-12	3	0	0	29	7611
SM01261	Thymopoietin	1.00000000000714	7.14224316036232e-12	3	0	0	29	7611
SM01020	B2-adapt-app_C	1.00000000000714	7.14224316036232e-12	3	0	0	29	7611
SM00026	EPEND	1.00000000000714	7.14224316036232e-12	3	0	0	29	7611
SM00111	C4	1.00000000000714	7.14224316036232e-12	3	0	0	29	7611
SM01369	Rb_C	1.00000000000714	7.14224316036232e-12	3	0	0	29	7611
SM00997	AdoHcyase_NAD	1.00000000000714	7.14224316036232e-12	3	0	0	29	7611
SM00773	WGR	1.00000000000714	7.14224316036232e-12	3	0	0	29	7611
SM01218	FoP_duplication	1.00000000000714	7.14224316036232e-12	3	0	0	29	7611
SM00491	HELICc2	1.00000000000714	7.14224316036232e-12	3	0	0	29	7611
SM00488	DEXDc2	1.00000000000714	7.14224316036232e-12	3	0	0	29	7611
SM00812	Alpha_L_fucos	1.00000000000714	7.14224316036232e-12	3	0	0	29	7611
SM00663	RPOLA_N	1.00000000000714	7.14224316036232e-12	3	0	0	29	7611
SM00981	THUMP	1.00000000000714	7.14224316036232e-12	3	0	0	29	7611
SM00206	NTR	1.00000000000714	7.14224316036232e-12	3	0	0	29	7611
SM01051	CAMSAP_CKK	1.00000000000714	7.14224316036232e-12	3	0	0	29	7611
SM01233	HABP4_PAI-RBP1	1.00000000000714	7.14224316036232e-12	3	0	0	29	7611
SM00852	MoCF_biosynth	1.00000000000714	7.14224316036232e-12	3	0	0	29	7611
SM00863	tRNA_SAD	1.00000000000714	7.14224316036232e-12	3	0	0	29	7611
SM01200	FerA	1.00000000000714	7.14224316036232e-12	3	0	0	29	7611
SM01196	FERM_C	1.00000000000758	7.57727515352625e-12	24	0	0	29	7611
SM00219	TyrKc	1.00000000000805	8.05238294532377e-12	80	0	0	29	7611
SM00449	SPRY	1.00000000000818	8.17570076153479e-12	64	0	0	29	7611
SM00949	PAZ	1.0000000000086	8.59712159827667e-12	6	0	0	29	7611
SM00002	PLP	1.0000000000086	8.59712159827667e-12	6	0	0	29	7611
SM00757	CRA	1.0000000000086	8.59712159827667e-12	6	0	0	29	7611
SM01241	Integrin_b_cyt	1.0000000000086	8.59712159827667e-12	6	0	0	29	7611
SM01046	c-SKI_SMAD_bind	1.0000000000086	8.59712159827667e-12	6	0	0	29	7611
SM00468	PreSET	1.0000000000086	8.59712159827667e-12	6	0	0	29	7611
SM00584	TLDc	1.0000000000086	8.59712159827667e-12	6	0	0	29	7611
SM00472	MIR	1.0000000000086	8.59712159827667e-12	6	0	0	29	7611
SM00665	B561	1.0000000000086	8.59712159827667e-12	6	0	0	29	7611
SM00250	PLEC	1.0000000000086	8.59712159827667e-12	6	0	0	29	7611
SM00527	HMG17	1.0000000000086	8.59712159827667e-12	6	0	0	29	7611
SM00107	BTK	1.0000000000086	8.59712159827667e-12	6	0	0	29	7611
SM00046	DAGKc	1.0000000000086	8.59712159827667e-12	6	0	0	29	7611
SM00775	LNS2	1.0000000000086	8.59712159827667e-12	6	0	0	29	7611
SM01127	DDHD	1.0000000000086	8.59712159827667e-12	6	0	0	29	7611
SM01343	FATC	1.0000000000086	8.59712159827667e-12	6	0	0	29	7611
SM00460	TGc	1.0000000000086	8.59712159827667e-12	6	0	0	29	7611
SM00440	ZnF_C2C2	1.0000000000086	8.59712159827667e-12	6	0	0	29	7611
SM01243	IRF-3	1.0000000000086	8.59712159827667e-12	6	0	0	29	7611
SM01140	Drf_GBD	1.0000000000086	8.59712159827667e-12	6	0	0	29	7611
SM01026	Beach	1.0000000000086	8.59712159827667e-12	6	0	0	29	7611
SM00350	MCM	1.0000000000086	8.59712159827667e-12	6	0	0	29	7611
SM00746	TRASH	1.0000000000086	8.59712159827667e-12	6	0	0	29	7611
SM00968	SMC_hinge	1.0000000000086	8.59712159827667e-12	6	0	0	29	7611
SM00155	PLDc	1.0000000000086	8.59712159827667e-12	6	0	0	29	7611
SM01289	PYRIN	1.0000000000086	8.59712159827667e-12	6	0	0	29	7611
SM00331	PP2C_SIG	1.0000000000086	8.59712159827667e-12	6	0	0	29	7611
SM01270	Longin	1.0000000000086	8.59712159827667e-12	6	0	0	29	7611
SM01326	PTEN_C2	1.0000000000086	8.59712159827667e-12	6	0	0	29	7611
SM00464	LON	1.0000000000086	8.59712159827667e-12	6	0	0	29	7611
SM01114	CXC	1.0000000000086	8.59712159827667e-12	6	0	0	29	7611
SM00031	DED	1.0000000000086	8.59712159827667e-12	6	0	0	29	7611
SM00308	LH2	1.0000000000086	8.59712159827667e-12	6	0	0	29	7611
SM00570	AWS	1.0000000000086	8.59712159827667e-12	6	0	0	29	7611
SM00194	PTPc	1.00000000000865	8.6528380621181e-12	34	0	0	29	7611
SM00450	RHOD	1.00000000000873	8.73278267772953e-12	16	0	0	29	7611
SM00005	DEATH	1.00000000000873	8.73278267772953e-12	16	0	0	29	7611
SM00088	PINT	1.00000000000873	8.73278267772953e-12	16	0	0	29	7611
SM00268	ACTIN	1.00000000000873	8.73278267772953e-12	16	0	0	29	7611
SM00093	SERPIN	1.00000000000873	8.73278267772953e-12	16	0	0	29	7611
SM01189	ELM2	1.00000000000873	8.73278267772953e-12	16	0	0	29	7611
SM00253	SOCS	1.00000000000873	8.73278267772953e-12	16	0	0	29	7611
SM00230	CysPc	1.00000000000873	8.73278267772953e-12	16	0	0	29	7611
SM00202	SR	1.00000000000873	8.73278267772953e-12	16	0	0	29	7611
SM00229	RasGEFN	1.00000000000873	8.73278267772953e-12	16	0	0	29	7611
SM00471	HDc	1.00000000000873	8.73278267772953e-12	16	0	0	29	7611
SM00360	RRM	1.000000000009	8.99625894835231e-12	196	0	0	29	7611
SM00327	VWA	1.00000000000934	9.33780147496977e-12	37	0	0	29	7611
SM00630	Sema	1.00000000000934	9.33780147496977e-12	37	0	0	29	7611
SM00406	IGv	1.00000000000938	9.37844231223622e-12	41	0	0	29	7611
SM00356	ZnF_C3H1	1.00000000000938	9.37844231223622e-12	41	0	0	29	7611
SM00462	PTB	1.00000000000938	9.37844231223622e-12	41	0	0	29	7611
SM00132	LIM	1.00000000000995	9.94802214036751e-12	74	0	0	29	7611
SM00114	CARD	1.00000000001036	1.03596876761999e-11	5	0	0	29	7611
SM00510	TFS2M	1.00000000001036	1.03596876761999e-11	5	0	0	29	7611
SM01339	NODP	1.00000000001036	1.03596876761999e-11	5	0	0	29	7611
SM00160	RanBD	1.00000000001036	1.03596876761999e-11	5	0	0	29	7611
SM00872	Alpha-mann_mid	1.00000000001036	1.03596876761999e-11	5	0	0	29	7611
SM00572	DZF	1.00000000001036	1.03596876761999e-11	5	0	0	29	7611
SM00065	GAF	1.00000000001036	1.03596876761999e-11	5	0	0	29	7611
SM00739	KOW	1.00000000001036	1.03596876761999e-11	5	0	0	29	7611
SM00216	VWD	1.00000000001036	1.03596876761999e-11	5	0	0	29	7611
SM01137	DMAP_binding	1.00000000001036	1.03596876761999e-11	5	0	0	29	7611
SM00477	NUC	1.00000000001036	1.03596876761999e-11	5	0	0	29	7611
SM01193	Enolase_N	1.00000000001036	1.03596876761999e-11	5	0	0	29	7611
SM00537	DCX	1.00000000001036	1.03596876761999e-11	5	0	0	29	7611
SM00693	DysFN	1.00000000001036	1.03596876761999e-11	5	0	0	29	7611
SM00251	SAM_PNT	1.00000000001036	1.03596876761999e-11	5	0	0	29	7611
SM00300	ChSh	1.00000000001036	1.03596876761999e-11	5	0	0	29	7611
SM00712	PUR	1.00000000001036	1.03596876761999e-11	5	0	0	29	7611
SM01062	Ca_chan_IQ	1.00000000001036	1.03596876761999e-11	5	0	0	29	7611
SM01201	FerB	1.00000000001036	1.03596876761999e-11	5	0	0	29	7611
SM00730	PSN	1.00000000001036	1.03596876761999e-11	5	0	0	29	7611
SM00694	DysFC	1.00000000001036	1.03596876761999e-11	5	0	0	29	7611
SM00539	NIDO	1.00000000001036	1.03596876761999e-11	5	0	0	29	7611
SM01202	FerI	1.00000000001036	1.03596876761999e-11	5	0	0	29	7611
SM00879	Brix	1.00000000001036	1.03596876761999e-11	5	0	0	29	7611
SM00446	LRRcap	1.00000000001036	1.03596876761999e-11	5	0	0	29	7611
SM00648	SWAP	1.00000000001036	1.03596876761999e-11	5	0	0	29	7611
SM00878	Biotin_carb_C	1.00000000001036	1.03596876761999e-11	5	0	0	29	7611
SM01337	APC10	1.00000000001036	1.03596876761999e-11	5	0	0	29	7611
SM00357	CSP	1.00000000001036	1.03596876761999e-11	5	0	0	29	7611
SM00201	SO	1.00000000001036	1.03596876761999e-11	5	0	0	29	7611
SM00441	FF	1.00000000001036	1.03596876761999e-11	5	0	0	29	7611
SM01408	ING	1.00000000001036	1.03596876761999e-11	5	0	0	29	7611
SM00509	TFS2N	1.00000000001036	1.03596876761999e-11	5	0	0	29	7611
SM01163	DUF1785	1.00000000001036	1.03596876761999e-11	5	0	0	29	7611
SM00673	CARP	1.00000000001036	1.03596876761999e-11	5	0	0	29	7611
SM01375	Dynein_light	1.00000000001036	1.03596876761999e-11	5	0	0	29	7611
SM01039	BRICHOS	1.00000000001036	1.03596876761999e-11	5	0	0	29	7611
SM01139	Drf_FH3	1.00000000001036	1.03596876761999e-11	5	0	0	29	7611
SM00307	ILWEQ	1.00000000001036	1.03596876761999e-11	5	0	0	29	7611
SM01015	Arfaptin	1.00000000001036	1.03596876761999e-11	5	0	0	29	7611
SM01153	DUF1693	1.00000000001036	1.03596876761999e-11	5	0	0	29	7611
SM00428	H3	1.00000000001036	1.03596876761999e-11	5	0	0	29	7611
SM00695	DUSP	1.00000000001036	1.03596876761999e-11	5	0	0	29	7611
SM00552	ADEAMc	1.00000000001036	1.03596876761999e-11	5	0	0	29	7611
SM00950	Piwi	1.00000000001036	1.03596876761999e-11	5	0	0	29	7611
SM00892	Endonuclease_NS	1.00000000001036	1.03596876761999e-11	5	0	0	29	7611
SM00517	PolyA	1.00000000001036	1.03596876761999e-11	5	0	0	29	7611
SM00257	LysM	1.00000000001036	1.03596876761999e-11	5	0	0	29	7611
SM00734	ZnF_Rad18	1.00000000001036	1.03596876761999e-11	5	0	0	29	7611
SM00952	RAP	1.00000000001036	1.03596876761999e-11	5	0	0	29	7611
SM01192	Enolase_C	1.00000000001036	1.03596876761999e-11	5	0	0	29	7611
SM01007	Aldolase_II	1.00000000001036	1.03596876761999e-11	5	0	0	29	7611
SM00710	PbH1	1.00000000001045	1.04540068619645e-11	4	0	0	29	7611
SM01407	NAC	1.00000000001045	1.04540068619645e-11	4	0	0	29	7611
SM00536	AXH	1.00000000001045	1.04540068619645e-11	4	0	0	29	7611
SM00305	HintC	1.00000000001045	1.04540068619645e-11	4	0	0	29	7611
SM01277	MAGUK_N_PEST	1.00000000001045	1.04540068619645e-11	4	0	0	29	7611
SM00636	Glyco_18	1.00000000001045	1.04540068619645e-11	4	0	0	29	7611
SM00006	A4_EXTRA	1.00000000001045	1.04540068619645e-11	4	0	0	29	7611
SM00682	G2F	1.00000000001045	1.04540068619645e-11	4	0	0	29	7611
SM00151	SWIB	1.00000000001045	1.04540068619645e-11	4	0	0	29	7611
SM00486	POLBc	1.00000000001045	1.04540068619645e-11	4	0	0	29	7611
SM01263	Leuk-A4-hydro_C	1.00000000001045	1.04540068619645e-11	4	0	0	29	7611
SM01359	A2M_N_2	1.00000000001045	1.04540068619645e-11	4	0	0	29	7611
SM00735	ZM	1.00000000001045	1.04540068619645e-11	4	0	0	29	7611
SM01334	DUF3454	1.00000000001045	1.04540068619645e-11	4	0	0	29	7611
SM00750	KIND	1.00000000001045	1.04540068619645e-11	4	0	0	29	7611
SM01300	PEHE	1.00000000001045	1.04540068619645e-11	4	0	0	29	7611
SM01027	Beta-Casp	1.00000000001045	1.04540068619645e-11	4	0	0	29	7611
SM01329	Iso_dh	1.00000000001045	1.04540068619645e-11	4	0	0	29	7611
SM01178	DUF4217	1.00000000001045	1.04540068619645e-11	4	0	0	29	7611
SM00588	NEUZ	1.00000000001045	1.04540068619645e-11	4	0	0	29	7611
SM00025	Pumilio	1.00000000001045	1.04540068619645e-11	4	0	0	29	7611
SM00264	BAG	1.00000000001045	1.04540068619645e-11	4	0	0	29	7611
SM00094	TR_FER	1.00000000001045	1.04540068619645e-11	4	0	0	29	7611
SM00642	Aamy	1.00000000001045	1.04540068619645e-11	4	0	0	29	7611
SM01072	CDC48_2	1.00000000001045	1.04540068619645e-11	4	0	0	29	7611
SM01338	NOD	1.00000000001045	1.04540068619645e-11	4	0	0	29	7611
SM00803	TAF	1.00000000001045	1.04540068619645e-11	4	0	0	29	7611
SM01182	EF-1_beta_acid	1.00000000001045	1.04540068619645e-11	4	0	0	29	7611
SM01340	DNA_mis_repair	1.00000000001045	1.04540068619645e-11	4	0	0	29	7611
SM00281	LamB	1.00000000001045	1.04540068619645e-11	4	0	0	29	7611
SM00765	MANEC	1.00000000001045	1.04540068619645e-11	4	0	0	29	7611
SM00832	C8	1.00000000001045	1.04540068619645e-11	4	0	0	29	7611
SM01401	Sds3	1.00000000001045	1.04540068619645e-11	4	0	0	29	7611
SM00313	PXA	1.00000000001045	1.04540068619645e-11	4	0	0	29	7611
SM00706	TECPR	1.00000000001045	1.04540068619645e-11	4	0	0	29	7611
SM00359	PUA	1.00000000001045	1.04540068619645e-11	4	0	0	29	7611
SM00554	FAS1	1.00000000001045	1.04540068619645e-11	4	0	0	29	7611
SM00070	GLUCA	1.00000000001045	1.04540068619645e-11	4	0	0	29	7611
SM00306	HintN	1.00000000001045	1.04540068619645e-11	4	0	0	29	7611
SM00393	R3H	1.00000000001045	1.04540068619645e-11	4	0	0	29	7611
SM00991	WHEP-TRS	1.00000000001045	1.04540068619645e-11	4	0	0	29	7611
SM00277	GRAN	1.00000000001045	1.04540068619645e-11	4	0	0	29	7611
SM00474	35EXOc	1.00000000001045	1.04540068619645e-11	4	0	0	29	7611
SM00207	TNF	1.00000000001045	1.04540068619645e-11	4	0	0	29	7611
SM01175	DUF4206	1.00000000001045	1.04540068619645e-11	4	0	0	29	7611
SM00670	PINc	1.00000000001045	1.04540068619645e-11	4	0	0	29	7611
SM01229	GluR_Homer-bdg	1.00000000001045	1.04540068619645e-11	4	0	0	29	7611
SM00592	BRK	1.00000000001045	1.04540068619645e-11	4	0	0	29	7611
SM00089	PKD	1.00000000001045	1.04540068619645e-11	4	0	0	29	7611
SM00542	FYRC	1.00000000001045	1.04540068619645e-11	4	0	0	29	7611
SM00183	NAT_PEP	1.00000000001045	1.04540068619645e-11	4	0	0	29	7611
SM01055	Cadherin_pro	1.00000000001045	1.04540068619645e-11	4	0	0	29	7611
SM01132	DIL	1.00000000001045	1.04540068619645e-11	4	0	0	29	7611
SM01053	CaMBD	1.00000000001045	1.04540068619645e-11	4	0	0	29	7611
SM00664	DoH	1.00000000001045	1.04540068619645e-11	4	0	0	29	7611
SM00078	IlGF	1.00000000001045	1.04540068619645e-11	4	0	0	29	7611
SM01361	A2M_recep	1.00000000001045	1.04540068619645e-11	4	0	0	29	7611
SM00602	VPS10	1.00000000001045	1.04540068619645e-11	4	0	0	29	7611
SM01073	CDC48_N	1.00000000001045	1.04540068619645e-11	4	0	0	29	7611
SM00541	FYRN	1.00000000001045	1.04540068619645e-11	4	0	0	29	7611
SM00143	PI3K_p85B	1.00000000001045	1.04540068619645e-11	4	0	0	29	7611
SM00396	ZnF_UBR1	1.00000000001045	1.04540068619645e-11	4	0	0	29	7611
SM01179	DUF862	1.00000000001045	1.04540068619645e-11	4	0	0	29	7611
SM00238	BIR	1.00000000001045	1.04540068619645e-11	4	0	0	29	7611
SM00417	H4	1.00000000001045	1.04540068619645e-11	4	0	0	29	7611
SM01360	A2M	1.00000000001045	1.04540068619645e-11	4	0	0	29	7611
SM00811	Alpha_kinase	1.00000000001045	1.04540068619645e-11	4	0	0	29	7611
SM00100	cNMP	1.00000000001051	1.05081144186022e-11	27	0	0	29	7611
SM00298	CHROMO	1.00000000001051	1.05081144186022e-11	27	0	0	29	7611
SM00242	MYSc	1.00000000001051	1.05081144186022e-11	27	0	0	29	7611
SM00404	PTPc_motif	1.00000000001072	1.07237704445853e-11	60	0	0	29	7611
SM00320	WD40	1.00000000001112	1.1123739663817e-11	229	0	0	29	7611
SM00109	C1	1.00000000001157	1.15712591626413e-11	53	0	0	29	7611
SM00409	IG	1.00000000001171	1.17055382419035e-11	275	0	0	29	7611
SM00079	PBPe	1.00000000001198	1.19750267440364e-11	23	0	0	29	7611
SM00367	LRR_CC	1.00000000001198	1.19750267440364e-11	23	0	0	29	7611
SM00918	Lig_chan-Glu_bd	1.00000000001198	1.19750267440364e-11	23	0	0	29	7611
SM00429	IPT	1.00000000001198	1.19750267440364e-11	23	0	0	29	7611
SM00150	SPEC	1.00000000001198	1.19750267440364e-11	23	0	0	29	7611
SM00389	HOX	1.00000000001301	1.30136399600868e-11	174	0	0	29	7611
SM00239	C2	1.00000000001323	1.32299789464012e-11	118	0	0	29	7611
SM00184	RING	1.00000000001332	1.3322380569576e-11	193	0	0	29	7611
SM00015	IQ	1.00000000001372	1.37223678637587e-11	29	0	0	29	7611
SM00034	CLECT	1.00000000001372	1.37223678637587e-11	29	0	0	29	7611
SM00702	P4Hc	1.0000000000142	1.41988653113636e-11	18	0	0	29	7611
SM01288	FISNA	1.0000000000142	1.41988653113636e-11	18	0	0	29	7611
SM00358	DSRM	1.0000000000142	1.41988653113636e-11	18	0	0	29	7611
SM00651	Sm	1.0000000000142	1.41988653113636e-11	18	0	0	29	7611
SM00222	Sec7	1.0000000000142	1.41988653113636e-11	18	0	0	29	7611
SM00864	Tubulin	1.0000000000142	1.41988653113636e-11	18	0	0	29	7611
SM00458	RICIN	1.0000000000142	1.41988653113636e-11	18	0	0	29	7611
SM00593	RUN	1.0000000000142	1.41988653113636e-11	18	0	0	29	7611
SM00225	BTB	1.00000000001704	1.70409207957388e-11	166	0	0	29	7611
SM00063	FRI	1.00000000001788	1.7875596848367e-11	19	0	0	29	7611
SM00186	FBG	1.00000000001788	1.7875596848367e-11	19	0	0	29	7611
SM00513	SAP	1.00000000001788	1.7875596848367e-11	19	0	0	29	7611
SM00547	ZnF_RBZ	1.00000000001788	1.7875596848367e-11	19	0	0	29	7611
SM00275	G_alpha	1.00000000001788	1.7875596848367e-11	19	0	0	29	7611
SM00044	CYCc	1.00000000001788	1.7875596848367e-11	19	0	0	29	7611
SM00041	CT	1.00000000001796	1.79608698002999e-11	11	0	0	29	7611
SM00135	LY	1.00000000001796	1.79608698002999e-11	11	0	0	29	7611
SM00234	START	1.00000000001796	1.79608698002999e-11	11	0	0	29	7611
SM00330	PIPKc	1.00000000001796	1.79608698002999e-11	11	0	0	29	7611
SM00668	CTLH	1.00000000001796	1.79608698002999e-11	11	0	0	29	7611
SM00698	MORN	1.00000000001796	1.79608698002999e-11	11	0	0	29	7611
SM00059	FN2	1.00000000001796	1.79608698002999e-11	11	0	0	29	7611
SM00457	MACPF	1.00000000001796	1.79608698002999e-11	11	0	0	29	7611
SM00036	CNH	1.00000000001796	1.79608698002999e-11	11	0	0	29	7611
SM00061	MATH	1.00000000001796	1.79608698002999e-11	11	0	0	29	7611
SM00215	VWC_out	1.00000000001796	1.79608698002999e-11	11	0	0	29	7611
SM00290	ZnF_UBP	1.00000000001796	1.79608698002999e-11	11	0	0	29	7611
SM00425	TBOX	1.00000000001796	1.79608698002999e-11	11	0	0	29	7611
SM00303	GPS	1.00000000001796	1.79608698002999e-11	11	0	0	29	7611
SM00101	14_3_3	1.00000000001796	1.79608698002999e-11	11	0	0	29	7611
SM00323	RasGAP	1.00000000001796	1.79608698002999e-11	11	0	0	29	7611
SM00199	SCY	1.00000000001796	1.79608698002999e-11	11	0	0	29	7611
SM00050	DISIN	1.00000000001796	1.79608698002999e-11	11	0	0	29	7611
SM00503	SynN	1.00000000001796	1.79608698002999e-11	11	0	0	29	7611
SM00027	EH	1.00000000001796	1.79608698002999e-11	11	0	0	29	7611
SM00557	IG_FLMN	1.00000000001796	1.79608698002999e-11	11	0	0	29	7611
SM00053	DYNc	1.00000000001796	1.79608698002999e-11	11	0	0	29	7611
SM00060	FN3	1.00000000001813	1.81313040891796e-11	115	0	0	29	7611
SM00179	EGF_CA	1.0000000000213	2.13035833976312e-11	101	0	0	29	7611
