A	Coef.K97_mutYoung_wtYoung	Coef.K97_mutOld_wtOld	Coef.K97_wtOld_wtYoung	Coef.K97_mutOld_mutYoung	t.K97_mutYoung_wtYoung	t.K97_mutOld_wtOld	t.K97_wtOld_wtYoung	t.K97_mutOld_mutYoung	p.value.K97_mutYoung_wtYoung	p.value.K97_mutOld_wtOld	p.value.K97_wtOld_wtYoung	p.value.K97_mutOld_mutYoung	p.value.adj.K97_mutYoung_wtYoung	p.value.adj.K97_mutOld_wtOld	p.value.adj.K97_wtOld_wtYoung	p.value.adj.K97_mutOld_mutYoung	F	F.p.value	Res.K97_mutYoung_wtYoung	Res.K97_mutOld_wtOld	Res.K97_wtOld_wtYoung	Res.K97_mutOld_mutYoung
17.854608	-0.407925344	-0.097249253	0.245406606	0.556082697	-1.56115874	-0.40970301	0.99056211	2.21126729	0.13890086607	0.68769459332	0.33728580487	0.04261046963	0.268652573304	0.814391764043	0.504881053785	0.109296598622	2.749158	0.07853308948	0	0	0	0
17.83280377	0.070391886	-0.613985973	0.240320784	-0.444057074	0.26367686	-2.53177068	0.94944504	-1.72831814	0.7955422349	0.02274158319	0.35713093781	0.10402501377	0.888366955483	0.06817198488	0.527932690673	0.215040508461	2.21312011	0.12794314958	0	0	0	0
16.51641621	0.315023841	0.284844204	0.06015449	0.029974853	1.17711986	1.1716588	0.2370688	0.11637771	0.25711053785	0.25923209275	0.81574395703	0.90886490315	0.416796505516	0.417615790316	0.900804438023	0.946978592638	0.92395747	0.4526712993	0	0	0	0
17.45978771	0.297244238	-0.532645124	0.772946617	-0.056942745	1.36820397	-2.6989315	3.75245926	-0.2723399	0.19097905109	0.01626180073	0.00185871579	0.7889965992	0.332092777936	0.051713928876	0.00938306891	0.884881602579	5.2677299	0.01077442707	0	0	1	0
16.24102601	-0.247352885	-0.232591193	1.008631758	1.02339345	-0.92674593	-0.95929787	3.98570756	3.98402288	0.3684271357	0.35230309361	0.00114879523	0.00115278379	0.53664922134	0.523792401549	0.006475637635	0.006475637635	11.66284259	0.00030976165	0	0	1	1
18.51819845	0.149101666	-0.463594404	-0.319201641	-0.931897711	0.86577431	-2.96330868	-1.95486334	-5.62245425	0.39996794068	0.00949384631	0.06909505934	4.487349e-05	0.570373707898	0.033931624171	0.158562729438	0.000531894993	12.27622312	0.00023676896	0	-1	0	-1
21.00458618	0.461111521	-0.337038947	1.936842019	1.138691551	1.52441291	-1.22657255	6.75336043	3.91145399	0.14777879055	0.23849942114	5.80955e-06	0.00133859649	0.280125556972	0.392037216435	0.000110381432	0.007117146781	20.38538608	1.329009e-05	0	0	1	1
17.60132626	-0.168890572	0.511310791	-0.968985797	-0.288784434	-0.41276138	1.37560932	-2.49769924	-0.73333584	0.68549954741	0.18872082823	0.02433628468	0.47442544821	0.813159708803	0.330250312223	0.071298140144	0.639830562721	2.54721007	0.09411109601	0	0	0	0
17.20357007	-0.060641669	0.035089229	0.194806281	0.290537178	-0.20643765	0.13149465	0.69943893	1.02767302	0.83916727453	0.89709515665	0.49476022655	0.32005504498	0.915000132799	0.94002185109	0.656968358382	0.489598928971	0.52174376	0.67368822231	0	0	0	0
16.54013144	-0.443247341	0.415166691	0.844482361	1.702896392	-1.53619898	1.58394589	3.08688891	6.13232328	0.14488058203	0.1336254651	0.00736502914	1.746971e-05	0.2764929276	0.261186234347	0.027501785101	0.000245335536	15.76224195	6.006849e-05	0	0	1	1
17.29884642	0.049490312	-0.174349925	-2.543065003	-2.766905241	0.16092227	-0.62407131	-8.72132542	-9.3481509	0.87425725227	0.54176182143	2.4868e-07	1.0064e-07	0.922827099623	0.695781583778	9.736326e-06	4.643594e-06	54.64045874	2.065e-08	0	0	-1	-1
16.88300424	-0.077917656	0.024985097	0.111352245	0.214254997	-0.31268483	0.11037443	0.47130169	0.89338237	0.75873566439	0.91354521436	0.64406605713	0.38547013024	0.861042981131	0.950322396907	0.776403206308	0.555310024464	0.35443828	0.78661239006	0	0	0	0
17.47341793	0.16949105	0.593272271	0.173234424	0.597015645	0.5522314	2.12786896	0.59530236	2.02113591	0.58875535579	0.04997032475	0.56033194595	0.06109567716	0.731415307381	0.122974589662	0.705784634307	0.144835990614	2.56282147	0.09279211044	0	0	0	0
16.87973008	0.053053481	0.296946336	-1.301708184	-1.057815328	0.17438513	1.07445946	-4.51271885	-3.61277484	0.86384614528	0.29924694247	0.00039233872	0.00248173569	0.922827099623	0.465255174088	0.002785173791	0.011964188467	11.77797452	0.00029431416	0	0	-1	-1
16.79497623	-0.136653475	1.522717506	-0.313372362	1.345998619	-0.3330366	4.08514173	-0.80549168	3.40840646	0.74362014172	0.000936546	0.43285944639	0.00378981747	0.852490881194	0.005550538689	0.600058374179	0.016159881764	6.4487071	0.00490140153	0	1	0	1
16.9017261	-0.277810165	-0.137483224	-0.768836927	-0.628509987	-1.18193642	-0.64389076	-3.44992219	-2.77839281	0.25525039234	0.52916762415	0.00347752163	0.01384512114	0.415344467132	0.686430291572	0.015178911965	0.045749095933	6.82019318	0.00388484965	0	0	-1	-1
18.13434126	0.416779354	0.181428894	1.110697331	0.875346871	1.73515285	0.83148516	4.87704041	3.78658062	0.10277754398	0.41846993151	0.00018948905	0.00173213553	0.213143799067	0.583869494066	0.001539747537	0.008916012375	13.26084314	0.00015670365	0	0	1	1
16.32281891	0.251235873	-0.94646531	-0.230052111	-1.427753293	0.86942369	-3.60554587	-0.83966321	-5.13379441	0.39803107822	0.00251916931	0.41400744772	0.00011447475	0.568867425956	0.01196605422	0.582043114743	0.001083372016	10.03931453	0.00066224096	0	-1	0	-1
16.62303756	-0.027356662	0.011366185	-0.293113072	-0.254390225	-0.08266809	0.03780995	-0.93419835	-0.79874973	0.93518579637	0.97032746002	0.3646917246	0.43664259494	0.961990484799	0.981382069606	0.533614618548	0.603360676639	0.50531901	0.68431901215	0	0	0	0
17.07636393	0.139658888	-0.358398155	-0.841054533	-1.339111576	0.63138089	-1.78363147	-4.01029292	-6.29035423	0.53709786754	0.09429927833	0.00109215435	1.313505e-05	0.691165781731	0.19907625425	0.006243643438	0.000190679543	18.58145752	2.312649e-05	0	0	-1	-1
17.93434758	-0.551987737	0.715291037	1.137593177	2.404871952	-2.46547933	3.51699074	5.35905236	11.1609041	0.02594184051	0.00302638871	7.405716e-05	9.25e-09	0.074981785094	0.013914926039	0.000790759064	7.03218e-07	51.09507511	3.292e-08	0	1	1	1
17.59656155	-0.069730275	0.030645744	0.843079874	0.943455893	-0.33959739	0.164297	4.33052726	4.7741939	0.73877009189	0.87164516607	0.00056737444	0.00023237372	0.848436407755	0.922827099623	0.003721054718	0.001797765539	13.98194199	0.00011738926	0	0	1	1
18.63407575	0.041896083	-0.917746747	-0.423382858	-1.383025688	0.169492	-4.08709888	-1.80650072	-5.81355138	0.86762719731	0.00093279383	0.0905180713	3.13791e-05	0.922827099623	0.005550538689	0.193688218114	0.000382469731	14.408996	9.942339e-05	0	-1	0	-1
18.08773044	0.150882825	-0.346274683	-0.143513365	-0.640670872	0.85772525	-2.16693375	-0.86045828	-3.78424157	0.40426188254	0.04638766246	0.40280049664	0.00174052839	0.573332988191	0.117056366993	0.571888177643	0.008923661444	5.21485657	0.01118217249	0	0	0	-1
18.44221694	0.116135985	1.155653748	-2.138950977	-1.099433214	0.32747256	3.58717323	-6.36118503	-3.22116112	0.74774214233	0.0026168773	1.157186e-05	0.00558317916	0.853430077636	0.012339436033	0.000177986298	0.021858992343	20.88895383	1.146443e-05	0	1	-1	-1
16.9320248	-0.080988499	0.819341437	-0.796176952	0.104152984	-0.23989313	2.67162742	-2.48732854	0.32055434	0.81359294393	0.01718263567	0.0248424587	0.75287844003	0.899967537289	0.05414625679	0.072289316753	0.857437731538	3.36196249	0.04632216993	0	0	0	0
16.55009121	-0.266226468	0.890725871	-0.872672272	0.284280066	-0.88453177	3.2577877	-3.05803512	0.98139558	0.39007895482	0.00517611419	0.00781563223	0.34164124061	0.560602902812	0.020717923458	0.028850848103	0.509700326643	4.69816707	0.01622573392	0	1	-1	0
17.8236528	0.051616127	0.717918604	-1.407498574	-0.741196097	0.23246661	3.55931877	-6.68578214	-3.46851661	0.81925225471	0.0027723072	6.53216e-06	0.00334610828	0.903419645488	0.012977611948	0.000117215998	0.014776025721	22.73442666	6.82621e-06	0	1	-1	-1
17.81534324	0.325329263	0.72480734	1.419816377	1.819294454	0.89366643	2.19175195	4.11351969	5.19267083	0.38532281902	0.0442365697	0.0008836096	0.00010209542	0.555310024464	0.112065976579	0.005334689724	0.001014671377	15.58521085	6.40435e-05	0	0	1	1
17.22218441	0.292564481	-1.059330565	-0.547286792	-1.899181839	0.98811154	-3.93851387	-1.94952327	-6.66478896	0.33844632227	0.00126600317	0.06977916743	6.7753e-06	0.505517512568	0.006855086581	0.159565812944	0.000118678208	17.11002495	3.750147e-05	0	-1	0	-1
16.85098225	0.279947808	-0.493769876	-0.895857873	-1.669575557	0.83385488	-1.61902852	-2.81437266	-5.16719635	0.41717365704	0.12583734975	0.01286894871	0.00010727263	0.583467006406	0.250319855052	0.043639584615	0.001049971535	11.55106462	0.00032564046	0	0	-1	-1
18.11458746	-0.04719708	0.01209971	-0.399283785	-0.339986995	-0.2463597	0.0695258	-2.19819031	-1.84396349	0.80867385401	0.94547039722	0.04369383896	0.0846133551	0.896829716209	0.968571136096	0.111126850273	0.18412194527	2.74877824	0.07855955843	0	0	0	0
16.84593957	-0.797558929	-0.688647596	-0.513267666	-0.404356333	-2.70135591	-2.56763074	-1.83354687	-1.42304541	0.01618237807	0.02117110677	0.08621984231	0.17476517628	0.051697998974	0.065126357022	0.186906101113	0.313606399657	5.97583736	0.00665666987	0	0	0	0
16.27809194	0.102095103	0.405544573	0.344460895	0.647910365	0.38733681	1.69370965	1.37832894	2.55407869	0.70383426361	0.11054664386	0.18789695089	0.02175202256	0.828191137145	0.22527801872	0.329840843137	0.0663614295	3.36485389	0.0462103428	0	0	0	0
16.92069956	-0.032623255	-0.638256774	-0.722885236	-1.328518755	-0.10779156	-2.32150376	-2.51916082	-4.56100582	0.91555991364	0.03442329931	0.02331980559	0.00035598021	0.950886984259	0.092849483728	0.069422094066	0.002555146859	9.69304724	0.00078664943	0	0	0	-1
16.9009697	0.051321204	-0.158579454	0.068851813	-0.141048846	0.11927681	-0.40571644	0.16877326	-0.34061534	0.90660592466	0.69056017764	0.86818286973	0.73801859224	0.945387291901	0.815542732639	0.922827099623	0.84832742097	0.06302852	0.97856904845	0	0	0	0
16.76572986	-0.026139017	-0.090606635	0.191714006	0.127246387	-0.10812347	-0.41257912	0.8363993	0.54690473	0.91530097827	0.68563027787	0.41578472836	0.59232093174	0.950886984259	0.813159708803	0.582639771191	0.734432479663	0.40319321	0.75277428597	0	0	0	0
16.74768945	-0.327727664	0.432799746	-0.919819841	-0.159292431	-1.32954163	1.93282414	-3.9356883	-0.67145894	0.20312599511	0.07195806963	0.00127339323	0.51192545296	0.347601040641	0.162836371824	0.006855100248	0.672846068386	5.52981924	0.00898487705	0	0	-1	0
18.94541054	-0.133565605	-0.65172423	0.58674746	0.068588835	-0.59817329	-3.21301502	2.77148598	0.31916943	0.55846362246	0.00567793853	0.01404055881	0.75390809832	0.705312805681	0.02216282954	0.046276535681	0.857437731538	5.53264334	0.00896750885	0	-1	1	0
19.63151418	-0.016153486	0.794161539	-0.379519148	0.430795877	-0.0758296	4.10391033	-1.87903679	2.10125872	0.94053594759	0.00090118575	0.07939833192	0.05255497244	0.965188597524	0.005390425873	0.175055707911	0.127394042022	5.61976476	0.00844982519	0	1	0	0
17.35885696	1.321053138	-0.089681594	1.335801567	-0.074933166	3.05113627	-0.22801381	3.25396106	-0.17982534	0.00792732471	0.82265047146	0.00521722851	0.85964637229	0.029103584568	0.904289977195	0.020804503796	0.921712126969	4.51521704	0.01858984101	1	0	1	0
18.35726817	-0.11045397	0.294626371	0.872555449	1.27763579	-0.52588536	1.54417983	4.38159139	6.32051268	0.60649631736	0.14294538915	0.00051148959	1.244414e-05	0.748417614163	0.274014010058	0.00338894639	0.000184802647	19.72601982	1.619825e-05	0	0	1	1
19.16024509	0.091480721	-0.13986129	0.02115019	-0.210191821	0.60992365	-1.02650232	0.14872681	-1.45612009	0.55085168414	0.32058877238	0.88370903186	0.16554467115	0.702933908109	0.489598928971	0.929009006642	0.302095642835	0.73955381	0.54444374948	0	0	0	0
19.30735829	1.782700158	-0.434370914	-0.409303643	-2.626374715	5.26192106	-1.41137775	-1.27420915	-8.05486371	8.928636e-05	0.17811691094	0.22157747396	6.8425e-07	0.000922863804	0.317855039972	0.370826549678	1.9645574e-05	25.24224771	3.55373e-06	1	0	0	-1
16.5299916	0.181350341	-0.047429834	-1.721053539	-1.949833714	0.53829988	-0.15497941	-5.38802209	-6.01366125	0.59810379547	0.87886073833	7.005594e-05	2.169023e-05	0.740182091715	0.926048945431	0.000773609202	0.00028595696	22.00486896	8.34427e-06	0	0	-1	-1
18.84951764	-1.182023984	0.684245124	-2.528178765	-0.661909657	-2.36370586	1.5062441	-5.33217023	-1.37531235	0.03176369855	0.15243061207	7.915245e-05	0.18889704391	0.087130994754	0.285835051961	0.000831422431	0.330250312223	10.11039116	0.00064803478	0	0	-1	0
19.36055812	0.434998348	-0.423341806	1.528288602	0.669948448	1.44295132	-1.54586561	5.34685652	2.30909042	0.16916652994	0.1425394251	7.581167e-05	0.03526559074	0.307835431946	0.274014010058	0.000802858057	0.094529342818	11.43400013	0.00034326315	0	0	1	0
19.34590056	-0.180129717	0.191792914	0.381903002	0.753825633	-0.48965481	0.57392311	1.09493115	2.12917343	0.63131459175	0.57434898866	0.29046084002	0.04984668341	0.763725142834	0.718353236539	0.453779208344	0.122904417885	1.91342825	0.16989778064	0	0	0	0
19.01643214	-0.361388285	0.11548571	-0.679593865	-0.202719871	-1.7982626	0.63259214	-3.56662604	-1.04811961	0.09186444211	0.53632716732	0.00273065847	0.31083641181	0.195307298149	0.690862113842	0.012829129976	0.479237045412	4.68202594	0.0164201303	0	0	-1	0
19.25446544	0.126128343	-0.156373865	1.007130207	0.724627999	0.73592938	-1.00439404	6.1978086	4.39312992	0.47289061383	0.33078821742	1.551607e-05	0.00049966015	0.638427035594	0.499857750771	0.000220294123	0.003344875207	19.48460083	1.743796e-05	0	0	1	1
18.66331287	0.029931011	-0.415711123	0.974879661	0.529237526	0.17191001	-2.62837861	5.90554343	3.15839095	0.86575831579	0.01874480173	2.646185e-05	0.0063557713	0.922827099623	0.058639912423	0.000338502094	0.024366933291	16.80670846	4.159236e-05	0	0	1	1
16.51823313	0.313587422	-0.367470722	0.31659897	-0.364459174	1.07921555	-1.39215889	1.14918022	-1.30326859	0.29718848996	0.18375240701	0.26810525417	0.21172826723	0.462611480757	0.325662702135	0.428173038791	0.357585517984	1.03597244	0.40440260883	0	0	0	0
17.74389066	-0.873246078	0.11941243	0.424573972	1.41723248	-3.59416382	0.54103737	1.84307783	6.06090956	0.00257926031	0.59626100982	0.08474890163	1.9895e-05	0.012206609218	0.738609036139	0.18412194527	0.000266498057	15.42232053	6.79652e-05	-1	0	0	1
17.45832138	0.406013056	0.818581638	-1.113486654	-0.700918072	1.40903365	3.12723033	-4.07563672	-2.52745893	0.17879660348	0.00677763437	0.00095498782	0.02293774129	0.318262649847	0.0256794827	0.005608383034	0.068564350717	12.11809296	0.00025352756	0	1	-1	0
18.4799698	0.100351911	-0.049353525	0.610700544	0.460995109	0.60591799	-0.32803704	3.88906853	2.89214461	0.55344025005	0.74732359497	0.00140182371	0.01098209686	0.704477638492	0.853430077636	0.007392474408	0.038556709638	7.84686707	0.00211327463	0	0	1	1
17.26946309	0.503058112	0.004615259	0.533120754	0.034677901	2.15548435	0.02176904	2.40924736	0.15438852	0.04741230933	0.98291316501	0.02898751075	0.8793187077	0.118541493315	0.986498503009	0.081402611867	0.926048945431	2.5248861	0.0960333791	0	0	0	0
19.41462957	0.079181831	-0.131040031	-3.090703603	-3.300925465	0.28946797	-0.52734577	-11.91684839	-12.53851696	0.77610353572	0.60550604544	3.74e-09	1.84e-09	0.874978855277	0.747909952879	4.08624e-07	2.9659e-07	100.23302466	2.7e-10	0	0	-1	-1
15.28697798	0.579243937	0.747456765	-0.942792351	-0.774579524	1.32628189	1.88398276	-2.27677166	-1.84278996	0.20417785525	0.07868648877	0.03755004052	0.08479300111	0.348018191275	0.173782809393	0.099211967997	0.18412194527	4.99630119	0.01306198442	0	0	0	0
17.56831468	-0.037559009	-0.792308055	-0.373487375	-1.12823642	-0.13891974	-3.22597063	-1.4569842	-4.33596163	0.8913230638	0.00552796953	0.16530927018	0.00056114182	0.935490981665	0.021708621989	0.302092753988	0.003698955278	8.5247865	0.0014487041	0	-1	0	-1
16.58829441	1.694936467	-0.615902308	3.311624327	1.000785552	4.03699938	-1.61485524	8.31908205	2.4767477	0.00103382811	0.12674296467	4.5515e-07	0.02536920271	0.005962972863	0.251153236745	1.5475246e-05	0.073491053586	25.38323484	3.43115e-06	1	0	1	0
17.66584252	-0.160921531	-0.275754175	-0.183388892	-0.298221536	-0.88487882	-1.66919949	-1.0635839	-1.7039001	0.38989754488	0.11537755704	0.30399320468	0.10859038299	0.560602902812	0.233282947886	0.471499664395	0.223068895297	2.28255939	0.11993626047	0	0	0	0
16.65817137	0.43523167	0.182694077	0.018028599	-0.234508993	1.31897798	0.60947799	0.05762463	-0.73843461	0.20655051915	0.55113935674	0.95479244235	0.47141090754	0.350674468773	0.702933908109	0.973419061802	0.637095075879	0.81893281	0.50298692224	0	0	0	0
16.53048311	0.309114732	0.690086618	0.204893101	0.585864988	0.99498032	2.44520287	0.6955866	1.95942125	0.3352005933	0.02700329857	0.49710331852	0.06851595059	0.502569133332	0.077016030351	0.659401937914	0.15779431046	3.25782486	0.05055827557	0	0	0	0
19.81594015	0.104101785	0.11350917	-0.296179204	-0.286771818	0.51828445	0.62209606	-1.55522649	-1.48348088	0.61166318267	0.54302595414	0.14030283387	0.15822463361	0.751920867752	0.696712544931	0.270958537155	0.292230522828	1.86449575	0.17807597054	0	0	0	0
16.94328718	-0.056678449	-0.475696127	-0.008533292	-0.427550969	-0.26818928	-2.47781902	-0.04258622	-2.10206838	0.792130718	0.02531539009	0.96658140366	0.05247455004	0.885772538131	0.073491053586	0.981007991777	0.127394042022	2.67464727	0.08392099551	0	0	0	0
16.22009072	-0.901483902	-0.180078034	-0.237435369	0.483970499	-2.89999406	-0.63769994	-0.80558919	1.61768331	0.01080736825	0.53308389779	0.43280488165	0.12612865762	0.038150600505	0.688744395945	0.600058374179	0.250319855052	3.13182814	0.05627163728	-1	0	0	0
17.21054711	0.302611712	-0.038529546	-0.618871146	-0.960012404	1.30768111	-0.18328483	-2.82062555	-4.31050788	0.21026359628	0.85697795163	0.01270626078	0.00059095028	0.356042682033	0.920276670212	0.043201286668	0.003856099818	9.29147549	0.00096519079	0	0	-1	-1
17.48729311	-0.740683204	0.640336383	-0.234319257	1.14670033	-1.4929312	1.42079684	-0.49813191	2.401556	0.15575974787	0.17540706032	0.62546502111	0.0294295084	0.289973478735	0.314321667042	0.76092354734	0.081769730861	2.00642451	0.15545967492	0	0	0	0
16.65813108	0.131941745	1.158917982	-0.935000584	0.091975653	0.28358966	2.74206269	-2.11957671	0.20540761	0.7805209685	0.01490349171	0.05076291871	0.83995780154	0.877661524193	0.048624523461	0.124215323804	0.91502991534	3.33540554	0.04736352265	0	1	0	0
17.7198955	0.193614386	0.114292031	-0.751139433	-0.830461788	0.78325306	0.50897556	-3.20489734	-3.49075696	0.44541746042	0.61802013471	0.0057739507	0.00319542796	0.608972866526	0.756138270874	0.022402235162	0.014464249504	8.04238525	0.00189167211	0	0	-1	-1
18.65587435	0.452066564	-0.206601384	1.171655769	0.51298782	1.79798986	-0.90455418	4.91489192	2.11995864	0.09190931678	0.37970504295	0.00017583507	0.05072615994	0.195307298149	0.549897269528	0.00146739504	0.124215323804	9.55613933	0.00084295619	0	0	1	0
18.94150155	-0.109289837	1.087864609	-1.195782549	0.001371897	-0.3584562	3.92778472	-4.13654372	0.00467534	0.72489296513	0.00129429715	0.00084290062	0.99632996248	0.839259663121	0.006938721646	0.005136922646	0.997681052526	8.53651523	0.00143949878	0	1	-1	0
17.3343444	0.085034342	-1.627287763	0.073944131	-1.638377974	0.1910472	-4.0246413	0.17521816	-3.82468699	0.85099717045	0.00106041462	0.86320277798	0.00160101272	0.91930463564	0.00608913638	0.922827099623	0.008374528071	7.22934994	0.00303060538	0	-1	0	-1
18.99433867	-0.236609984	-0.845190797	-1.824069055	-2.432649868	-1.00903814	-3.96776351	-8.20436314	-10.77927626	0.32862674194	0.00119200706	5.4272e-07	1.49e-08	0.498340082848	0.006654298834	1.6988251e-05	9.62395e-07	63.30786583	7.35e-09	0	-1	-1	-1
18.52223833	0.090892297	-0.317979793	-0.050192305	-0.459064395	0.61577304	-2.37142624	-0.3586409	-3.23148903	0.54708345952	0.03122303737	0.7247575372	0.00546528825	0.699833494749	0.086013143466	0.839259663121	0.0215279037	3.95683497	0.02856678718	0	0	0	-1
16.88582262	0.140687812	-0.513376264	0.569861448	-0.084202628	0.59390729	-2.38569254	2.53723412	-0.36933742	0.56124102153	0.03036132166	0.02249532958	0.71693073899	0.706059785607	0.083818007669	0.067695773811	0.836752216544	2.93867117	0.06647940801	0	0	0	0
19.42677322	0.325498348	0.202000318	-0.248376236	-0.371874267	0.99673839	0.68092763	-0.80217944	-1.18321593	0.33437339811	0.5060785291	0.43471545183	0.2547579803	0.502569133332	0.666517288072	0.601985384523	0.415344467132	1.2379837	0.33006332457	0	0	0	0
17.32648942	0.339777876	-0.27727352	-0.270628168	-0.887679564	1.27019958	-1.14104236	-1.0670357	-3.44801044	0.22296438511	0.2713736	0.30248085971	0.0034913215	0.372664923101	0.432857643453	0.469717873487	0.015187836268	4.36654941	0.02079753105	0	0	0	-1
16.05821651	-0.433955399	-0.144032772	1.857110275	2.147032903	-1.24778724	-0.45590386	5.6319945	6.4146007	0.23084295017	0.65485412192	4.407414e-05	1.052212e-05	0.382861478331	0.785581732151	0.000527257362	0.000167834281	25.46046553	3.36603e-06	0	0	1	1
17.23689854	-0.264822299	-0.07380204	0.776148192	0.967168451	-0.64885492	-0.19905721	2.00570374	2.46224153	0.52603900229	0.84483545872	0.06287936714	0.02610863723	0.68305767936	0.917740941419	0.147978401363	0.075295444881	3.59874172	0.03808834936	0	0	0	0
16.99758744	-0.133639014	-0.407393945	0.942376084	0.668621152	-0.40857363	-1.37109688	3.03871807	2.12399095	0.68850590752	0.19009428003	0.00813234338	0.05033956477	0.814431259615	0.331894337561	0.029680756069	0.123647752251	5.42656752	0.00964662451	0	0	1	0
17.3247741	0.492658081	0.286144714	0.298098088	0.091584721	1.45404911	0.92968473	0.92794394	0.28086135	0.16610997374	0.36695098979	0.3678248912	0.78257390832	0.302699698273	0.5357069817	0.536376703643	0.878440911855	1.168126	0.35404410914	0	0	0	0
16.17809175	-0.229703826	0.738779417	-1.060944229	-0.092460985	-0.3903238	1.38193653	-1.90142169	-0.1632491	0.70167009677	0.18680857933	0.07622195348	0.87245609015	0.82715124546	0.328960273268	0.169567212298	0.922827099623	1.47379434	0.26089008341	0	0	0	0
17.14201971	0.010668893	-0.333694686	1.235834069	0.89147049	0.02951817	-1.01633252	3.60627859	2.56278681	0.97683239851	0.32525213131	0.00251534943	0.02137701955	0.984590404931	0.494383239597	0.01196605422	0.065603584952	6.92121456	0.00365114795	0	0	1	0
20.33720314	0.265825247	-0.354543298	-0.017838002	-0.638206547	1.48690238	-2.18309189	-0.10523532	-3.7092232	0.15732849148	0.04497644644	0.91755442651	0.00203258805	0.291308969356	0.113717355762	0.95130098981	0.010100399095	4.64306109	0.01690027222	0	0	0	-1
16.39857854	0.010646753	0.691462771	-1.701575961	-1.020759943	0.02815066	2.01259688	-4.74517151	-2.8043395	0.97790538492	0.06207686819	0.0002461965	0.01313422905	0.984590404931	0.14662397386	0.001882164966	0.044191208158	11.39435131	0.00034947403	0	0	-1	-1
15.92398074	-0.553734211	0.450324416	-0.306399483	0.697659144	-1.34957263	1.20819464	-0.78761144	1.76674422	0.19675736987	0.24529021333	0.44293843912	0.09718011902	0.340764774628	0.402176339626	0.608177701379	0.204489761842	1.24880626	0.32650122503	0	0	0	0
17.29900865	-0.018726975	0.394393866	-0.517121914	-0.104001073	-0.06486145	1.50371559	-1.88903964	-0.37427632	0.9491230236	0.15298614236	0.07796458988	0.71332782255	0.970482830176	0.286461008599	0.172483305007	0.834800314069	1.71952	0.20491807649	0	0	0	0
18.44938446	0.037740721	-0.621978148	0.162297073	-0.497421796	0.12407315	-2.25091583	0.56273949	-1.69913512	0.90287045309	0.03947652722	0.58175356511	0.10950133736	0.942524205729	0.103124313257	0.72480772046	0.223853999791	1.84146243	0.18207280956	0	0	0	0
17.40689919	-0.19547311	-2.013969806	-0.071089479	-1.889586175	-0.47919225	-5.43490829	-0.18380494	-4.81310066	0.63856936595	6.404781e-05	0.85657692766	0.00021508411	0.771778878206	0.000725875213	0.920276670212	0.001715362187	13.26384051	0.00015651207	0	-1	0	-1
17.9326865	-0.511219521	1.41796366	0.517168969	2.44635215	-1.38415927	4.22629924	1.4768629	6.88229198	0.18614055553	0.00070158347	0.15997004456	4.65322e-06	0.328543166322	0.004402223096	0.294417802813	9.393698e-05	17.50765153	3.28098e-05	0	1	0	1
17.87885709	-0.009281792	0.959031857	-0.876315538	0.091998111	-0.02853384	3.24547216	-2.84130559	0.29386154	0.97760473016	0.00530959446	0.01218232174	0.77280704104	0.984590404931	0.021055838255	0.041749495199	0.872602454876	4.86908338	0.01431844526	0	1	-1	0
19.86159202	-0.262989698	-0.493564695	1.992209101	1.761634104	-1.23597739	-2.55347954	9.87497021	8.60246634	0.2350811541	0.02177805426	4.863e-08	2.9672e-07	0.387404146809	0.0663614295	2.618072e-06	1.0648997e-05	61.97667836	8.54e-09	0	0	1	1
17.95572242	0.332998179	0.214303626	1.370500281	1.251805728	1.29069616	0.91438308	5.60260974	5.04143968	0.21594599121	0.37468141388	4.658476e-05	0.00013710293	0.363284141456	0.543919535659	0.000547159157	0.001213267002	19.22694717	1.888074e-05	0	0	1	1
16.80610328	-0.38678252	-0.00898232	0.368103503	0.745903703	-1.04304029	-0.02666486	1.0469677	2.09002987	0.31310832178	0.97907124806	0.31135059262	0.05368204607	0.480834003579	0.984590404931	0.479457646799	0.129639632749	2.09382756	0.14310409398	0	0	0	0
16.92098805	1.03246781	-0.051928416	-0.25619094	-1.340587166	3.41799091	-0.18924132	-0.89451419	-4.61131641	0.00371532322	0.85238774332	0.38488340105	0.00032175624	0.015894694057	0.920037564221	0.555310024464	0.002361983316	9.40705943	0.00090950376	1	0	0	-1
19.16892985	0.554857953	-0.604082583	2.557575643	1.398635106	2.15279389	-2.58008169	10.46593924	5.63846053	0.04765610336	0.02065049828	2.225e-08	4.354079e-05	0.118864257801	0.063981879551	1.368744e-06	0.000525744829	47.75771753	5.247e-08	0	0	1	1
19.86917768	-0.051748554	-0.083261491	-0.829477702	-0.86099064	-0.26180169	-0.46369768	-4.42596555	-4.52593322	0.79696117942	0.6493834867	0.00046750284	0.00038202619	0.889182939389	0.780468339366	0.003178880794	0.002726949374	13.35775499	0.00015064116	0	0	-1	-1
18.25651651	-0.145117663	0.111176336	-3.247005932	-2.990711933	-0.88044708	0.74252631	-20.77758893	-18.8535462	0.39221838523	0.46900020202	0	1e-11	0.563051281907	0.635165892039	1.573e-09	3.306e-09	264.06663418	0	0	0	-1	-1
16.81015027	-0.847878124	0.149737046	-0.068606821	0.929008349	-3.50478466	0.68135536	-0.29910543	3.99009291	0.00310389718	0.50581532083	0.76887845167	0.00113847821	0.014220692035	0.666517288072	0.871395578556	0.006451376497	6.76431814	0.00402132293	-1	0	0	1
19.87864218	-0.023127898	0.04534528	-2.457418422	-2.388945244	-0.10629879	0.229425	-11.91242945	-11.40863867	0.91672458201	0.82157309908	3.76e-09	6.84e-09	0.95130098981	0.904289977195	4.08624e-07	5.52241e-07	91.38263508	5.3e-10	0	0	-1	-1
17.20882585	-0.257138045	1.232903429	-1.908909099	-0.418867624	-0.85097508	4.49154825	-6.66292364	-1.44033256	0.4078862203	0.000409458	6.79736e-06	0.16989451672	0.576574394555	0.002890818246	0.000118678208	0.308291735389	18.96980624	2.04566e-05	0	1	-1	0
16.96238508	-0.381968788	0.699769355	-0.19184429	0.889893853	-1.43890698	2.90185874	-0.76222433	3.48320097	0.17029189788	0.01076626104	0.45750022318	0.00324584415	0.308497353808	0.038150600505	0.623512962399	0.014561217489	4.59099459	0.01756664945	0	1	0	1
16.2416252	0.258975602	-0.630427616	-1.710754056	-2.600157273	0.7063682	-1.89288408	-4.9214032	-7.36898012	0.49056204713	0.07741974598	0.00017359038	2.05442e-06	0.652735494228	0.171571718361	0.001465874352	4.9153946e-05	26.19036853	2.81504e-06	0	0	-1	-1
18.17300175	0.579995337	-0.230250383	1.419486515	0.609240794	2.987184	-1.30543226	7.71077141	3.26033278	0.00904023003	0.2110090579	1.17889e-06	0.00514894729	0.03271702297	0.356837307343	3.1731728e-05	0.020717923458	23.41825626	5.68141e-06	1	0	1	1
20.85496711	0.361200337	-0.117387672	1.013045053	0.534457045	1.59305429	-0.56992988	4.71237968	2.44923648	0.13156497658	0.57698723731	0.00026283528	0.02678891237	0.258331230619	0.720258464356	0.001974320859	0.076780229304	9.42055453	0.00090324173	0	0	1	0
17.74857758	-0.0127221	0.026384526	-0.554539169	-0.515432543	-0.07085628	0.16176529	-3.25747322	-2.98281872	0.9444287367	0.87360459812	0.00517948086	0.00912155029	0.968414228422	0.922827099623	0.020717923458	0.032919114452	6.56509049	0.00455380273	0	0	-1	-1
16.95206961	-0.493726753	0.476252252	-0.222561475	0.747417531	-1.78485984	1.89526963	-0.84858731	2.80747708	0.09409269346	0.0770833768	0.4091733616	0.0130507049	0.198965237236	0.171119798667	0.577761730264	0.044024832179	2.87016363	0.07058186976	0	0	0	1
18.19218953	-0.49265558	0.369633628	0.145251501	1.007540709	-2.06294468	1.70385313	0.64149591	4.38371449	0.05649249411	0.10859933061	0.53068068417	0.00050929168	0.134664764553	0.223068895297	0.687702551601	0.00338894639	6.60011449	0.0044546989	0	0	0	1
18.61803292	0.134728617	0.5133542	1.187769063	1.566394645	0.51383142	2.15523398	4.77773321	6.2072248	0.61470014484	0.0474349474	0.00023074346	1.525447e-05	0.75350340335	0.118541493315	0.001795906918	0.000218986344	21.02791233	1.10118e-05	0	0	1	1
18.8063523	-0.272994754	-0.42663018	-2.158282808	-2.311918234	-1.11543247	-1.91892084	-9.30093086	-9.81514982	0.28185486218	0.07381870256	1.0757e-07	5.274e-08	0.445179073268	0.166156382771	4.792363e-06	2.725712e-06	61.3335841	9.19e-09	0	0	-1	-1
18.26949238	-0.101113389	1.031988683	-0.720913647	0.412188425	-0.42623566	4.78886459	-3.20518756	1.80539565	0.67586377575	0.00022569237	0.00577049057	0.09069765632	0.804066296749	0.001778015518	0.022402235162	0.193688218114	8.25570479	0.00167927188	0	1	-1	0
17.81694834	0.171000516	-0.082761942	0.166765071	-0.086997388	0.81982325	-0.43678729	0.84325124	-0.43337565	0.42488710002	0.66835854724	0.41205939842	0.67078126146	0.592183530991	0.798751090128	0.580567876508	0.799358712911	0.3135704	0.81532475318	0	0	0	0
18.10969853	-2.36391548	1.314219883	-2.650017962	1.0281174	-2.50795976	1.53487552	-2.96528555	1.13335721	0.02761040916	0.1508964934	0.01186973704	0.27932522032	0.078574115939	0.284003081841	0.04100454615	0.442807588539	3.4250445	0.05272678118	0	0	-1	0
19.16018307	0.967057219	-0.014284871	0.566027295	-0.415314795	3.96310652	-0.0644431	2.44652711	-1.76846496	0.00120348846	0.94945069454	0.02693273634	0.09688307196	0.006654298834	0.970482830176	0.076984724216	0.204197274013	5.26480859	0.01079651407	1	0	0	0
18.39760341	0.351333676	-0.62113435	-0.089333853	-1.06180188	1.90338514	-3.70432384	-0.51044863	-5.97703593	0.07594884988	0.0020532963	0.6170120702	2.319744e-05	0.169474808365	0.010164210025	0.755620468912	0.000299710898	12.39493483	0.00022500874	0	-1	0	-1
17.46554516	0.250758727	0.178860489	-0.140003932	-0.211902169	0.85263257	0.66947873	-0.50208261	-0.74864641	0.40699430227	0.51315312361	0.6227476753	0.46540846133	0.575943744287	0.673090188538	0.759763924913	0.632289939047	0.70742479	0.56208379878	0	0	0	0
16.94696803	0.396946358	1.354048111	0.673048278	1.630150031	1.23389698	4.63337745	2.20659374	5.26514261	0.23583399354	0.00030783109	0.042994755	8.873256e-05	0.388149706563	0.002285734319	0.109998462308	0.000922863804	15.78848532	5.95033e-05	0	1	0	1
18.99652372	-0.608655867	0.480655458	-0.986567814	0.102743512	-2.30335142	2.00234438	-3.93771624	0.40399713	0.03566150313	0.06327386977	0.0012680849	0.69179755077	0.095392675037	0.148366315321	0.006855086581	0.816257932053	5.22936288	0.01106860273	0	0	-1	0
15.84368393	0.687877405	-1.190490675	0.121113667	-1.757254412	1.75090585	-3.33575583	0.32514269	-4.64752651	0.09995204144	0.00440504813	0.74947055213	0.0002992268	0.209299898773	0.018018035417	0.854647796426	0.00223468801	7.60182429	0.00243348742	0	-1	0	-1
17.27061375	-0.649078505	0.360340528	-0.874401818	0.135017215	-2.34760529	1.43468801	-3.3355541	0.50740236	0.03271345486	0.17147242854	0.00440688792	0.61909759937	0.089168319998	0.309600858606	0.018018035417	0.756739922787	3.83612077	0.0314412807	0	0	-1	0
16.30441712	0.117818948	-0.817488277	0.82036638	-0.114940845	0.44997116	-3.43690536	3.30450546	-0.4561203	0.65903213712	0.00357257059	0.00469935151	0.6547019183	0.789128379198	0.015437328456	0.019153192891	0.785581732151	5.65293376	0.00826163827	0	-1	1	0
17.04659783	-0.164153456	-0.117756497	-0.367924622	-0.321527663	-0.76268273	-0.60227559	-1.80294226	-1.5522001	0.45723469056	0.5557997508	0.09109748198	0.14102265947	0.623512962399	0.704724311996	0.194221034199	0.27194220303	2.08334942	0.14452701168	0	0	0	0
17.03095362	0.569080464	0.819451162	1.624485749	1.874856447	1.70209775	2.69805253	5.1245509	5.82658819	0.10893417261	0.01629068812	0.00011655473	3.062811e-05	0.223401509533	0.051713928876	0.001083372016	0.000376871605	22.18801517	7.93013e-06	0	0	1	1
18.87016374	0.486515666	0.611406062	-0.059798429	0.065091967	1.44077621	1.99317736	-0.18677492	0.20029153	0.16977100705	0.06436185234	0.85428774954	0.84388687813	0.308291735389	0.150100204367	0.920276670212	0.917740941419	2.02846234	0.15223802869	0	0	0	0
19.24707954	0.04616042	-0.345193665	-0.291610122	-0.682964207	0.1677316	-1.38077992	-1.11757537	-2.57856788	0.86898832914	0.18715695603	0.28096641295	0.02071313442	0.922827099623	0.328988826114	0.444863487165	0.064022415469	2.79587119	0.07535142579	0	0	0	0
17.75980461	1.044859831	-0.900199841	1.838591318	-0.106468354	3.61396141	-3.42752724	6.707177	-0.38263219	0.00247564483	0.00364265247	6.29373e-06	0.7072482651	0.011964188467	0.015635571396	0.000116164338	0.829940743421	15.11947431	7.599956e-05	1	-1	1	0
16.43294664	-0.371899118	0.312289827	-1.528215642	-0.844026697	-1.4661261	1.35525344	-6.35418569	-3.45730619	0.16283577929	0.19498077232	1.171731e-05	0.00342473035	0.298416775655	0.338141151461	0.000178103047	0.014999158007	17.55676181	3.227781e-05	0	0	-1	-1
17.71067011	-0.123994926	0.217893065	-0.315023653	0.026864337	-0.59615188	1.15322199	-1.59744256	0.13420374	0.55977875885	0.26649308176	0.13058197391	0.89498846175	0.705784634307	0.426125076284	0.257575435566	0.938575562161	0.95359282	0.43937485171	0	0	0	0
18.44589968	0.015794988	-0.504799769	-2.123681726	-2.644276482	0.06874584	-2.41859298	-9.7486763	-11.958301	0.94608109424	0.0284588949	5.774e-08	3.56e-09	0.968571136096	0.080633535543	2.869321e-06	4.08624e-07	79.42881792	1.46e-09	0	0	-1	-1
17.15628235	-0.083643767	-0.461585786	0.631072536	0.253130517	-0.36237835	-2.20139306	2.88361334	1.1394851	0.72201913922	0.04342616581	0.01117512835	0.27200244264	0.838892740887	0.110663917608	0.039128091676	0.433325716264	4.69155848	0.01630501062	0	0	1	0
16.84892912	-0.031817972	0.242407606	-1.751128522	-1.476902944	-0.0846229	0.70970543	-4.91204672	-4.08134043	0.93365702256	0.48854768051	0.00017682528	0.00094387759	0.961183165858	0.65072536415	0.00146739504	0.005568446803	13.92123348	0.00012022942	0	0	-1	-1
19.51028116	0.140018004	0.200929977	0.272116859	0.333028831	0.81107291	1.28125995	1.66249576	2.00444123	0.42974345642	0.21915510452	0.11673025215	0.06302736513	0.598306622513	0.367248242601	0.235649196534	0.148057010453	2.81298995	0.07422148803	0	0	0	0
15.85478992	0.089302903	-0.710864204	-0.261882974	-1.062050082	0.19446699	-1.70405443	-0.60147372	-2.40303884	0.84836524182	0.10856098976	0.55631991479	0.02934380174	0.91850343405	0.223068895297	0.704724311996	0.081726002419	2.35381625	0.11228893742	0	0	0	0
17.67468121	1.220287888	0.29084399	2.111312193	1.181868295	4.45623481	1.16918266	8.13181157	4.48446182	0.00043973337	0.26019842663	6.0711e-07	0.00041535756	0.003038157851	0.418650519563	1.824145e-05	0.002916532452	32.04342638	7.6699e-07	1	0	1	1
15.82296557	0.610766097	-0.335009245	-1.020741852	-1.966517194	1.53213611	-0.925115	-2.70064458	-5.12572918	0.14587419533	0.36924809871	0.01620564209	0.00011628744	0.277978555108	0.537239350822	0.051697998974	0.001083372016	11.40055844	0.00034849338	0	0	0	-1
17.50890907	-0.039996337	-0.260166422	0.475678062	0.255507977	-0.16723395	-1.19749024	2.09771479	1.11005419	0.86937318531	0.24931381067	0.05290831776	0.28409393394	0.922827099623	0.407223063702	0.128010386797	0.447621173966	2.34764759	0.11292926325	0	0	0	0
16.64017392	0.469916415	0.465072008	0.498818174	0.493973767	1.36128557	1.48308258	1.52405268	1.48685287	0.19310849519	0.15832923063	0.14786813456	0.15734142847	0.335344322285	0.292230522828	0.280125556972	0.291308969356	2.64719114	0.0860086268	0	0	0	0
18.18953187	-0.422395026	-0.391120431	-0.593108713	-0.561834118	-1.34335811	-1.36930443	-1.98946541	-1.85659252	0.19871578546	0.19064209375	0.06480721057	0.08270140626	0.342778097219	0.331953618771	0.150866515423	0.18121438839	3.43311655	0.04365580984	0	0	0	0
17.07457901	-0.080389932	-0.770177045	0.75889853	0.069111416	-0.31953623	-3.36996601	3.18149497	0.2854327	0.75363534514	0.00410385262	0.00605982535	0.77913511719	0.857437731538	0.017159150751	0.02330147129	0.877630838199	6.24222679	0.00559419854	0	-1	1	0
17.33660679	-0.30854075	0.706257679	-2.326884601	-1.312086172	-0.94962709	2.39287632	-7.55343496	-4.19602827	0.35704131821	0.02993594911	1.51947e-06	0.00074632714	0.527932690673	0.08282065578	3.8493135e-05	0.004613658657	25.98570023	2.9585e-06	0	0	-1	-1
17.0891731	-0.019495875	0.634238219	-0.943198926	-0.289464832	-0.05399647	1.9337109	-2.75521195	-0.83301711	0.95763575414	0.07184084115	0.01451168182	0.41763163282	0.974224719962	0.162836371824	0.04758653022	0.583467006406	3.62296593	0.03734266132	0	0	-1	0
17.39852615	0.725115073	-0.364182643	1.880557114	0.791259398	2.95939769	-1.63618402	8.09490974	3.35544993	0.0095702475	0.12217258877	6.4289e-07	0.00422906815	0.034062699085	0.243967518834	1.8877681e-05	0.01762097833	25.60025289	3.2517e-06	1	0	1	1
17.13675456	-0.198918016	-0.11483009	0.802357313	0.886445239	-0.78839385	-0.50100414	3.35402277	3.65053487	0.44249433341	0.62348890196	0.00424158225	0.0022950898	0.608177701379	0.759950623901	0.01762097833	0.011274737725	8.76207213	0.00127469774	0	0	1	1
17.79319641	0.206956479	-0.944690475	-1.466185175	-2.617832128	1.0179758	-5.11522182	-7.60635057	-13.37937127	0.32449532993	0.00011869355	1.39466e-06	7.3e-10	0.493813858981	0.001095371916	3.6037887e-05	1.35622e-07	80.1633738	1.37e-09	0	-1	-1	-1
18.16097373	-0.157943828	0.67072416	-0.874391073	-0.045723085	-0.49586107	2.31802334	-2.89529052	-0.14915175	0.6270294818	0.03465753451	0.01091174043	0.88337937583	0.761471155476	0.093092587497	0.038414083482	0.929009006642	3.61672686	0.03753314445	0	0	-1	0
17.01191657	-0.441950596	-0.678461622	-0.267249606	-0.503760632	-1.6997707	-2.87248922	-1.0840836	-2.01315087	0.10937944658	0.01143180221	0.29509238527	0.06201277947	0.223853999791	0.039811020104	0.459902728304	0.14662397386	4.94959243	0.01350831828	0	-1	0	0
17.45066369	-0.649144418	-0.097420289	0.760928964	1.312653093	-1.32713323	-0.21924975	1.64076504	2.78842292	0.20390272423	0.8293495135	0.12120963894	0.01356599599	0.348008348361	0.910381963839	0.24279512172	0.044941709796	4.06388734	0.02626218616	0	0	0	1
17.92585533	-0.044708894	0.287912375	-0.101680342	0.230940927	-0.17615811	1.24877892	-0.42254679	0.94546424	0.86247695134	0.23048980208	0.67849606278	0.35909445707	0.922827099623	0.382767126337	0.806455301853	0.529019428211	0.55975903	0.6495335556	0	0	0	0
18.76269041	1.58600643	0.746024306	-0.740858229	-1.580840353	2.2931895	1.18742034	-1.12979382	-2.37497201	0.03907191564	0.2562177033	0.27889391398	0.03354833323	0.102603485775	0.415870945555	0.442666998602	0.09067875845	4.61213599	0.02069419331	0	0	0	0
17.40454263	-0.087068638	-0.36887196	-1.079504652	-1.361307974	-0.2138132	-0.99716014	-2.79593045	-3.47347864	0.83351200134	0.33417517761	0.01336065102	0.00331188628	0.912459539785	0.502569133332	0.044604550676	0.014709640352	6.71877473	0.00413656433	0	0	-1	-1
16.36227471	-0.427045225	0.769081358	-0.373093297	0.823033286	-0.90383179	1.79185363	-0.8328375	1.80995019	0.38007605394	0.09292407546	0.4177298614	0.0899595223	0.549897269528	0.196816238513	0.583467006406	0.193688218114	1.47091954	0.26163442031	0	0	0	0
18.68507151	-0.250484244	0.074878903	0.2323427	0.557705847	-1.57161796	0.51718099	1.53753386	3.63586083	0.13645794135	0.61241505866	0.1445553728	0.00236588739	0.264720210538	0.752129520706	0.276280387077	0.011534816995	5.51049429	0.00910474583	0	0	0	1
17.6888201	-2.140472881	1.678730646	-0.384064646	3.435138881	-4.42081527	3.81671877	-0.83661578	7.37178092	0.00047240334	0.00162757672	0.41566669349	2.04497e-06	0.003178880794	0.008445096854	0.582639771191	4.9153946e-05	18.43828295	2.420849e-05	-1	1	0	1
16.27887581	-0.401993969	-0.538900378	-0.479902504	-0.616808912	-0.99523451	-1.46869251	-1.25310651	-1.58668973	0.33508090382	0.16214693746	0.22895363209	0.13300188633	0.502569133332	0.297576481823	0.381195995696	0.26075635378	2.21435177	0.12779611423	0	0	0	0
18.91698949	0.036315332	-0.205855912	-0.874914599	-1.117085844	0.21308868	-1.32968941	-5.41458415	-6.81071003	0.83406711802	0.2030784126	6.658387e-05	5.26195e-06	0.912459539785	0.347601040641	0.000741606573	0.000103006685	25.24096102	3.55487e-06	0	0	-1	-1
16.63527786	-0.061649111	0.987614801	-0.138925182	0.910338729	-0.26765646	4.72014131	-0.6361521	4.10666624	0.79253332359	0.00025879543	0.53406556919	0.00089610899	0.885772538131	0.001955343282	0.689323391999	0.005384989851	9.01525494	0.00111455163	0	1	0	1
16.03053258	-0.184887668	1.047396862	-1.407633714	-0.175349184	-0.66817636	4.16687945	-5.36539755	-0.65844938	0.51396147064	0.00079215789	7.3161e-05	0.52002175512	0.673466754633	0.004873657084	0.000789487763	0.677969836138	12.72676988	0.00019548564	0	1	-1	0
17.78451235	0.269143561	0.532256077	-0.250470828	0.012641688	0.80072067	1.74314767	-0.78592894	0.03907847	0.43553446959	0.10133495315	0.44389440588	0.96933247389	0.602473805906	0.211510112229	0.608177701379	0.981382069606	1.38223949	0.28573677351	0	0	0	0
19.32273751	-0.845048157	0.120616303	1.373012465	2.338676925	-4.06430643	0.63859793	6.9647984	11.687206	0.00097745354	0.53251484064	4.04192e-06	4.9e-09	0.005663094034	0.688744395945	8.4474828e-05	4.35529e-07	65.42130051	5.83e-09	-1	0	1	1
17.84455501	-0.056883016	-0.008589153	-0.134081453	-0.08578759	-0.33671145	-0.0559683	-0.83709175	-0.52763697	0.74090212125	0.95609039429	0.41540725706	0.6053086798	0.850129254577	0.973419061802	0.582639771191	0.747909952879	0.33839227	0.79785894841	0	0	0	0
17.44657208	0.449481065	0.200714926	1.492624574	1.243858435	1.81714861	0.89325451	6.36441831	5.22499023	0.08880374508	0.38553644887	1.150532e-05	9.589627e-05	0.191863609761	0.555310024464	0.000177986298	0.000967952933	23.09855266	6.18716e-06	0	0	1	1
17.82920524	-0.038083101	-0.081379798	-0.33637906	-0.379675757	-0.16293756	-0.38328518	-1.51791326	-1.68786329	0.87269720431	0.70677401632	0.14939780697	0.11168273089	0.922827099623	0.829940743421	0.282609028707	0.227234784736	1.73231282	0.20238181144	0	0	0	0
16.63072095	0.161285424	0.738156699	-1.984741421	-1.407870145	0.36843985	1.85625032	-4.78194403	-3.34171612	0.7175862662	0.08275270058	0.00022881919	0.00435103384	0.836752216544	0.18121438839	0.001791723593	0.017960178004	12.80943946	0.00018882887	0	0	-1	-1
17.5251136	-0.068085547	0.026293278	0.179013769	0.273392595	-0.23997619	0.10201745	0.66547041	1.0012337	0.81352970704	0.92006598633	0.51564331366	0.3322648941	0.899967537289	0.952504210211	0.674985978979	0.501502620538	0.49282841	0.69247915401	0	0	0	0
17.66990528	-0.468844998	-0.191331679	-0.692946506	-0.415433187	-2.101458	-0.9440496	-3.27582144	-1.93476444	0.05253516796	0.3597940189	0.00498664016	0.07170178892	0.127394042022	0.529446323945	0.020196674248	0.162836371824	5.92612938	0.00687913016	0	0	-1	0
17.45999378	-0.024087819	-0.127904221	-0.546910701	-0.650727104	-0.1237388	-0.72328557	-2.96315197	-3.47330402	0.90313077917	0.48040145828	0.00949689612	0.00331308463	0.942524205729	0.643462741513	0.033931624171	0.014709640352	6.96880778	0.00354656822	0	0	-1	-1
18.77893127	0.033507742	-0.322809797	0.411994998	0.055677459	0.14385439	-1.52560171	1.86551603	0.2483664	0.8874904621	0.14748426957	0.08137375088	0.8071490434	0.932225753685	0.280125556972	0.179043374801	0.895907701088	1.62802497	0.22408746064	0	0	0	0
17.698744	0.136985014	0.895720283	0.025636476	0.784371745	0.47025151	3.38490162	0.09282064	2.79778644	0.64479925725	0.00397887066	0.92724888983	0.01331035323	0.776403206308	0.016799676099	0.956109789033	0.044551752264	4.98035097	0.01321250919	0	1	0	1
17.15134869	-0.506083691	1.56539903	-1.974373542	0.097109179	-1.24618864	4.24329291	-5.12766746	0.24846042	0.23141312326	0.000677672	0.00011584911	0.80707762401	0.383315070831	0.004292061653	0.001083372016	0.895907701088	11.02832832	0.00041321197	0	1	-1	0
18.05631851	0.419281979	-0.671569336	-0.182235624	-1.273086939	1.58252889	-2.7903123	-0.72545055	-4.99274052	0.13394847178	0.01351403143	0.47911033333	0.00015084599	0.261422092961	0.044884649374	0.642793925928	0.001303042984	8.63719386	0.00136313907	0	-1	0	-1
20.46497846	0.144811085	-0.4852907	-1.100251709	-1.730353494	0.57211649	-2.11057665	-4.58462472	-7.10318249	0.57554181063	0.05163625243	0.00033947148	3.19811e-06	0.719148954863	0.125993973888	0.002464028951	7.003313e-05	23.91083419	4.99101e-06	0	0	-1	-1
16.79973574	0.693951121	0.063705319	2.077660676	1.447414875	2.13148194	0.21539964	6.73064183	4.61935447	0.04962856641	0.83229680801	6.04267e-06	0.00031660923	0.122600588534	0.912067409621	0.000113146758	0.002337480701	22.50937398	7.25837e-06	0	0	1	1
16.8727724	0.175799485	-0.815881042	-0.625455709	-1.617136236	0.35868954	-1.832502	-1.34594327	-3.42833459	0.7247218785	0.08638247275	0.19789921282	0.00363656563	0.839259663121	0.186944982905	0.341825913052	0.015635571396	4.75938726	0.01551156098	0	0	0	-1
17.57650935	0.012057653	-0.575740556	0.985958702	0.398160494	0.06228519	-3.2738998	5.37167667	2.13705502	0.9511409886	0.00500649812	7.228521e-05	0.04910562101	0.970674689783	0.020213736147	0.000789487763	0.121541115605	13.79857107	0.00012620811	0	-1	1	0
16.17566337	0.415453689	-0.869813973	-1.853816491	-3.139084153	1.51571288	-3.49331065	-7.1332944	-11.89961098	0.14994926622	0.00317856648	3.04027e-06	3.81e-09	0.283237502865	0.014460239061	6.7724746e-05	4.08624e-07	64.23709914	6.64e-09	0	-1	-1	-1
15.98513604	-0.493393779	-0.001496129	-1.234581879	-0.742684228	-1.17969572	-0.00393787	-3.11333114	-1.84508346	0.25611446377	0.99690885357	0.00697460481	0.08444222309	0.415870945555	0.997681052526	0.026119389595	0.18412194527	4.45319252	0.01947724335	0	0	-1	0
17.92878232	-0.297038288	0.102978635	-1.288210893	-0.888193969	-1.58435714	0.60465032	-7.246974	-4.92247993	0.13353184426	0.55426081775	2.51424e-06	0.00017322205	0.261186234347	0.704724311996	5.9061882e-05	0.001465874352	25.58544626	3.2636e-06	0	0	-1	-1
18.0855172	-0.545464539	0.205579033	0.285883691	1.036927263	-1.43432446	0.59508117	0.79286518	2.83311796	0.17157446963	0.56047603313	0.43996170694	0.0123871974	0.309600858606	0.705784634307	0.606002692287	0.042339309622	3.0646256	0.05961062482	0	0	0	1
17.39144208	-0.241896698	0.149907379	0.489308519	0.881112596	-0.66220988	0.45175736	1.4127899	2.50629745	0.51767401696	0.65777299171	0.17770846745	0.02392408288	0.675590737292	0.788351303611	0.317564785533	0.070409829334	2.79698116	0.07527758573	0	0	0	0
17.16310256	0.854880943	-0.428209747	2.095605824	0.812515135	2.54197416	-1.40164667	6.57210022	2.51033938	0.02228374617	0.1809524149	7.96744e-06	0.02373261711	0.067425292859	0.321140824248	0.000133687491	0.070005802079	16.5054415	4.616169e-05	0	0	1	0
20.98026368	-0.053268188	0.56480491	-0.796430164	-0.178357067	-0.17715905	2.06780885	-2.79365136	-0.61634124	0.86170417375	0.05597805118	0.01342266748	0.54671817128	0.922827099623	0.133932670594	0.044696098942	0.699833494749	3.59617903	0.03816820447	0	0	-1	0
17.91756789	-0.465872422	0.252909955	-1.088439036	-0.369656659	-1.73700735	1.03804716	-4.2802373	-1.43208458	0.10244132637	0.31535338595	0.00062851167	0.17220426003	0.212788092717	0.483317407647	0.00403998545	0.310303910678	6.79207769	0.00395285736	0	0	-1	0
19.2274205	-0.368514688	-0.433296921	0.807197538	0.742415305	-1.79256244	-2.32017957	4.14122097	3.75233747	0.09280635432	0.03451224263	0.00083486654	0.00185918393	0.196816238513	0.092895453082	0.005112073803	0.00938306891	14.23568847	0.0001063108	0	0	1	1
18.53956862	0.635975157	-0.927501401	2.278743079	0.715266521	1.67769392	-2.69341739	6.34011342	1.96054114	0.11368301773	0.0164438437	1.201552e-05	0.0683743341	0.230578428427	0.052072171715	0.000180512194	0.15774935652	15.28690739	7.143263e-05	0	0	1	0
18.52232667	-0.272487572	-0.563050522	0.008597446	-0.281965504	-0.79421292	-1.8065672	0.02642949	-0.8539289	0.43920012564	0.0905072778	0.97925593679	0.40629762323	0.605599319451	0.193688218114	0.984590404931	0.575588299575	1.35971733	0.29222414271	0	0	0	0
19.92700774	0.135621537	-0.391732613	2.287512895	1.760158746	0.6075584	-1.9318153	10.80816592	8.19307043	0.55237938378	0.07209164449	1.436e-08	5.5225e-07	0.703820674402	0.162836371824	9.62395e-07	1.6988251e-05	62.81495398	7.77e-09	0	0	1	1
16.65357215	0.300002056	1.757570267	-0.464325857	0.993242354	0.78679192	5.07416827	-1.2843625	2.70661432	0.44340391209	0.00012859804	0.21809584088	0.01601139949	0.608177701379	0.001153810209	0.365947826523	0.051531397846	8.92456212	0.00116915245	0	1	0	0
18.35731822	0.426728192	0.229983583	0.866162685	0.669418076	2.34369668	1.39047572	5.01739883	3.82017262	0.03296431209	0.18425280561	0.00014371825	0.0016160083	0.089662928873	0.326102225816	0.001263156316	0.008418881957	14.73097265	8.792412e-05	0	0	1	1
17.16980558	-0.011385941	1.377331374	-3.371344233	-1.982626918	-0.03789891	5.04676051	-11.83559058	-6.85700129	0.97025768209	0.00013568172	4.11e-09	4.85941e-06	0.981382069606	0.001208970915	4.08624e-07	9.6590161e-05	70.05497282	3.59e-09	0	1	-1	-1
17.06447125	-0.358492766	0.039420977	-0.461468968	-0.063555225	-1.59384462	0.19293431	-2.16389992	-0.29359748	0.13138747352	0.8495445849	0.04665715808	0.77300503498	0.258331230619	0.91850343405	0.117506916642	0.872602454876	1.79728938	0.19001292831	0	0	0	0
17.24531065	-0.682076413	-0.47216792	-0.265273915	-0.055365422	-2.50353259	-1.90780156	-1.02693711	-0.21115157	0.02405590055	0.07533775872	0.32039047431	0.83555175701	0.070636871611	0.168634820952	0.489598928971	0.912538351694	3.43483704	0.04359349495	0	0	0	0
18.36460201	-0.059318154	-0.057179424	0.848122988	0.850261718	-0.36571849	-0.38807491	5.51502144	5.44687482	0.71957515952	0.70329924024	5.498638e-05	6.260161e-05	0.837559555047	0.828191137145	0.000634307184	0.000715763562	20.48207092	1.291547e-05	0	0	1	1
19.22538815	0.248629961	0.229265943	0.293575099	0.274211082	1.15485812	1.17227964	1.43821387	1.32341379	0.265842556	0.25899023122	0.17048537974	0.20510693937	0.425611626215	0.417615790316	0.308497353808	0.349141193231	2.01369477	0.15438869997	0	0	0	0
15.82752429	-0.267471669	0.455947847	-0.243041623	0.480377893	-0.3852576	0.72294474	-0.36921826	0.7189388	0.70534227929	0.48060491142	0.71701775397	0.48300003193	0.829210395667	0.643462741513	0.836752216544	0.645331997161	0.23979704	0.86724624865	0	0	0	0
17.47875318	-0.035476168	-0.157649006	0.284946412	0.162773575	-0.193557	-0.94684723	1.6397002	0.92276594	0.84906540463	0.35841145332	0.12143288876	0.37043274343	0.91850343405	0.528615979101	0.242865777529	0.538356697994	1.50138206	0.25386051913	0	0	0	0
18.31084955	0.007906193	-0.121437875	0.587598119	0.458254052	0.04496859	-0.76034816	3.52493666	2.70821808	0.96471320514	0.458588001	0.00297697592	0.01595960109	0.979881651761	0.624336878075	0.013835442056	0.051531397846	6.85306021	0.00380701437	0	0	1	0
19.35983297	0.097417176	-0.622576704	0.570497223	-0.149496658	0.49292776	-3.46782447	3.04460078	-0.7859858	0.62905307257	0.00335090986	0.00803458121	0.44386207633	0.762417044806	0.014776025721	0.029407022429	0.608177701379	5.175592	0.01149620285	0	-1	1	0
17.43281218	-0.100886852	-0.531830562	-0.396797576	-0.827741286	-0.37986301	-2.20435849	-1.57576164	-3.23834063	0.70926081402	0.04317968491	0.1355002502	0.00538844266	0.831547161264	0.110253266604	0.263654101291	0.021290115961	5.19420331	0.01134613402	0	0	0	-1
20.8722812	0.203005784	-0.602853678	0.79005603	-0.015803432	1.17300541	-3.83459961	4.81480363	-0.09488084	0.25870771575	0.00156857651	0.00021435827	0.92563924107	0.417615790316	0.008238214837	0.001715362187	0.955946299437	9.54123907	0.00084935409	0	-1	1	0
17.61296081	-0.065799353	0.75841133	-0.515792723	0.30841796	-0.28421261	3.60614374	-2.34977355	1.38419367	0.78005246678	0.00251605201	0.03257507002	0.18613023318	0.877661524193	0.01196605422	0.088978838185	0.328543166322	4.63587022	0.01699059341	0	1	0	0
18.58412462	-0.17162104	-0.537422801	0.491536264	0.125734503	-0.32935599	-1.13534442	0.99490058	0.2507177	0.74636549363	0.27375570853	0.33530541249	0.80537802119	0.853430077636	0.435581743134	0.502569133332	0.895907701088	0.7822098	0.52186713595	0	0	0	0
16.57221085	0.648029866	0.451779429	-0.270145727	-0.466396164	2.19556966	1.68498157	-0.96533796	-1.64188468	0.04391400087	0.11224643489	0.34936604236	0.120975282	0.111467365678	0.228022631877	0.52002410914	0.242701963259	3.97906524	0.02807017684	0	0	0	0
19.73204488	0.327093842	0.095741286	-3.93409962	-4.165452176	1.10191038	0.35505013	-13.97810651	-14.58047065	0.28750951314	0.72739212613	3.9e-10	2.2e-10	0.451839369673	0.840770962824	8.4872e-08	7.1804e-08	138.34025756	3e-11	0	0	-1	-1
21.26292475	0.438182906	-0.328434942	-1.223172712	-1.98979056	1.65955026	-1.36930703	-4.88598182	-7.83028964	0.11732891939	0.19064129702	0.0001861682	9.7425e-07	0.236488243129	0.331953618771	0.001522337411	2.7363748e-05	28.62771826	1.59445e-06	0	0	-1	-1
18.00557307	-0.575026434	-0.655955275	1.348511567	1.267582726	-2.08056006	-2.61266172	5.14607614	4.76545357	0.05464975516	0.01934563139	0.00011177022	0.00023645056	0.131485071993	0.060373323092	0.001069682424	0.001818417393	21.508129	9.59619e-06	0	0	1	1
17.19293213	0.251184241	-0.555159986	0.21554517	-0.590799056	1.05177386	-2.55896676	0.95191323	-2.57042691	0.3092093289	0.02154075692	0.35591724664	0.02105310871	0.47729803218	0.065949426412	0.527345278273	0.064917939015	2.90702869	0.06834037546	0	0	0	0
18.00315166	0.061841492	-0.090334523	-0.862309487	-1.014485503	0.26943141	-0.43324995	-3.96242005	-4.59250451	0.7911924026	0.67087059341	0.00120519035	0.00033414005	0.885772538131	0.799358712911	0.006654298834	0.002439033605	12.30552685	0.00023380274	0	0	-1	-1
18.22368335	0.108444015	0.173974231	0.515716281	0.581246497	0.59972962	1.05913505	3.00808314	3.33999441	0.55745220345	0.30595052956	0.00866064596	0.00436656852	0.704724311996	0.473966527809	0.031519872061	0.017966899783	6.96168407	0.00356200459	0	0	1	1
18.38204659	-0.115196549	0.261943334	0.351852721	0.728992604	-0.59202732	1.48192469	1.9071826	3.89278917	0.56246731737	0.15863362614	0.0754231357	0.00139110933	0.706227185658	0.292374671867	0.168634820952	0.007366037946	6.30873498	0.00535967721	0	0	0	1
17.20246415	0.115138717	-0.246551582	0.637335778	0.275645479	0.46601253	-1.09850113	2.72065574	1.15921119	0.64776262692	0.28894840319	0.015563344	0.26411763462	0.779245171298	0.451962877626	0.050395590106	0.423900601151	3.09086804	0.05828119102	0	0	0	0
17.11431515	1.313257107	0.233956963	1.488795587	0.409495443	3.12224916	0.61230849	3.733206	1.01158493	0.00684758544	0.54931365939	0.00193421211	0.32744568506	0.025868656097	0.701991343158	0.009723743364	0.497132579434	6.72905332	0.00411023417	1	0	1	0
16.89784368	0.387320137	-0.69314146	0.412494119	-0.667967478	1.16502185	-2.29510404	1.30861183	-2.08763609	0.26182838557	0.0362377582	0.20995568958	0.05392516835	0.420749097215	0.096694401021	0.355987862129	0.129983801316	2.2787881	0.12035667646	0	0	0	0
17.43852376	0.367353294	-0.075620987	2.489709724	2.046735443	0.93541701	-0.21197282	6.68650424	5.41525008	0.36408337586	0.83492225914	6.52396e-06	6.649915e-05	0.533328482548	0.912538351694	0.000117215998	0.000741606573	24.69494624	4.07878e-06	0	0	1	1
15.9424179	-0.036982059	0.676299217	-0.979421417	-0.266140141	-0.08037186	1.61796209	-2.24497563	-0.60097833	0.93698192545	0.12606824107	0.03993196668	0.55664140049	0.962305761278	0.250319855052	0.103982518902	0.704724311996	2.3743218	0.11018898638	0	0	0	0
19.06437698	-0.032861474	-0.124577832	-0.04250738	-0.134223738	-0.206366	-0.86120864	-0.28154287	-0.87582213	0.83922225802	0.40239988313	0.78206093675	0.39465021934	0.915000132799	0.571888177643	0.878440911855	0.565847379381	0.45123476	0.72009985765	0	0	0	0
19.05031214	-0.158991082	-0.520537213	-1.06893058	-1.430476711	-0.69257605	-2.49610582	-4.91103795	-6.47457072	0.49893893764	0.02441341325	0.00017717773	9.46103e-06	0.661158058905	0.071362284895	0.00146739504	0.000154729757	22.93683565	6.46224e-06	0	0	-1	-1
17.16073027	0.008106576	-0.607913344	-0.107836345	-0.723856265	0.03727394	-3.07698961	-0.52295232	-3.45824429	0.97074789857	0.00751666591	0.60848756514	0.00341808097	0.981382069606	0.027877755676	0.749443216552	0.014999158007	5.45347881	0.00946901595	0	-1	0	-1
17.92313895	-0.168741826	0.638909721	-0.545727474	0.261924074	-0.7472973	3.11477493	-2.54903367	1.20526229	0.46619877383	0.00695388438	0.02197214815	0.24638742007	0.632698335909	0.026117495979	0.066795330387	0.403463303849	3.83844773	0.03138289846	0	1	0	0
18.03625346	-0.05962051	0.70456134	-3.091928153	-2.327746303	-0.16220316	2.11008011	-8.87201175	-6.58013431	0.87326564425	0.05168483449	1.9927e-07	7.85593e-06	0.922827099623	0.125993973888	8.045337e-06	0.000133550755	42.51077499	1.1626e-07	0	0	-1	-1
16.80834859	-0.086811173	1.220421849	-2.502692006	-1.195458985	-0.24472429	3.78728456	-7.44111384	-3.50164102	0.8099171244	0.0017296177	1.82486e-06	0.00312417877	0.897438185875	0.008916012375	4.5340796e-05	0.014263035251	26.13075597	2.856e-06	0	1	-1	-1
16.64562117	-0.257231011	0.248324975	-0.37331814	0.132237845	-0.80999335	0.86078568	-1.23984189	0.43266262	0.43034505191	0.40262566804	0.23368767499	0.67128808321	0.598467701602	0.571888177643	0.386587037248	0.799358712911	0.58134322	0.63610869386	0	0	0	0
15.68640035	0.319699799	0.586361211	1.489316597	1.755978009	0.74351408	1.50116548	3.65311164	4.24327703	0.46841936554	0.15363824066	0.00228287917	0.00067769395	0.635044932085	0.287265711911	0.011257556845	0.004292061653	10.89972408	0.00043864682	0	0	1	1
18.14498728	-0.357117534	-1.289412392	0.083992619	-0.848302238	-0.87502724	-3.47791323	0.2170604	-2.15971524	0.39506919073	0.00328159794	0.8310251583	0.04703125906	0.565847379381	0.014670673143	0.911446947809	0.118218651182	4.69612072	0.01625023559	0	-1	0	0
18.22521404	-0.113545785	-0.425782959	0.873814763	0.561577589	-0.49357458	-2.03744809	4.00617793	2.53645418	0.62860658287	0.05926046092	0.00110143357	0.0225303272	0.762417044806	0.14074359468	0.006268952292	0.067695773811	9.14317329	0.00104236236	0	0	1	0
18.21585607	0.210191515	-0.061496032	-0.636186627	-0.907874174	1.10177903	-0.35484846	-3.5171666	-4.94470589	0.2875648542	0.72754019848	0.00302528629	0.00016579597	0.451839369673	0.840770962824	0.013914926039	0.00141859865	12.5853415	0.00020749772	0	0	-1	-1
17.83559486	0.176086276	0.281856259	-1.025747471	-0.919977488	0.78413074	1.38167901	-4.81761967	-4.25672559	0.44491754126	0.18688609952	0.00021316353	0.00065935969	0.608933753508	0.328960273268	0.001715362187	0.004217290703	15.21672125	7.33082e-05	0	0	-1	-1
16.80461858	-0.272674378	0.084921382	-0.711895796	-0.354300036	-1.01982476	0.34963491	-2.80819159	-1.37685403	0.32364531641	0.73137203398	0.01303175618	0.18834339339	0.493101118877	0.843440631925	0.044024832179	0.330175935223	3.27213271	0.0499514441	0	0	-1	0
15.80501884	-0.349237871	-0.06773944	1.815016263	2.096514694	-1.1163218	-0.23835605	6.1189609	6.9630813	0.28148589058	0.81476339491	1.789891e-05	4.05375e-06	0.445140478119	0.900491279917	0.000248660171	8.4474828e-05	29.58763342	1.28881e-06	0	0	1	1
17.49178746	-0.252575503	-0.596640872	1.613604104	1.269538735	-0.95682697	-2.4881221	6.44715717	4.99716422	0.35350953409	0.02480337533	9.9315e-06	0.00014954095	0.524981974765	0.072289316753	0.000160393649	0.001303042984	25.49501204	3.33736e-06	0	0	1	1
17.77094534	-0.665735372	0.044434458	-0.432180289	0.277989541	-2.53712587	0.18641325	-1.7371384	1.1007896	0.02250018399	0.85456644354	0.10241760321	0.28798195466	0.067695773811	0.920276670212	0.212788092717	0.451839369673	2.19547045	0.13007070083	0	0	0	0
16.03699493	0.030370346	-0.051653475	0.904857253	0.822833432	0.09789067	-0.18327685	3.07610195	2.75574469	0.92328823948	0.85698410084	0.00753041232	0.0144960196	0.955074784155	0.920276670212	0.027877755676	0.04758653022	5.74060677	0.0077865194	0	0	1	1
19.0824747	0.675416879	0.150043915	0.95377804	0.428405076	2.42150291	0.59217215	3.60652951	1.59589082	0.02829617153	0.56237279478	0.00251404267	0.13092885573	0.080348689274	0.706227185658	0.01196605422	0.257865978057	6.2318731	0.00563173714	0	0	1	0
17.5722121	-0.112909004	0.071644613	1.171900821	1.356454438	-0.47050643	0.32865257	5.15058942	5.87323911	0.64462124151	0.74686728859	0.00011079302	2.809032e-05	0.776403206308	0.853430077636	0.001068243133	0.000348968146	20.50864811	1.281459e-05	0	0	1	1
19.65296235	0.358989079	0.554717462	0.553763565	0.749491948	0.72675762	1.23622266	1.18239292	1.57656112	0.47837970064	0.23507346245	0.25515299335	0.13540545665	0.642480845354	0.387404146809	0.415344467132	0.263654101291	1.81488302	0.18699022765	0	0	0	0
18.3936076	-0.102854552	0.711138447	-1.427769895	-0.613776895	-0.58829688	4.47758352	-8.61311678	-3.64769947	0.56490486824	0.00042116705	2.9204e-07	0.00230860187	0.707911823247	0.002941339612	1.0648997e-05	0.011298157639	33.57468944	5.6441e-07	0	1	-1	-1
18.5922078	-0.02483815	0.584621514	-0.997688439	-0.388228776	-0.12661975	3.28075289	-5.36421586	-2.05638973	0.90088807145	0.00493603632	7.332704e-05	0.057192598	0.942479628674	0.020054587827	0.000789487763	0.136082572043	13.57810982	0.00013781753	0	1	-1	0
20.30472383	-0.074464371	2.445074517	-0.793082638	1.726456249	-0.06317075	2.28336901	-0.70960232	1.52180343	0.9507083257	0.04217299634	0.49199883162	0.15489858366	0.970674689783	0.108854709965	0.653973755607	0.289203714004	1.80088156	0.2024621051	0	0	0	0
16.71430827	-0.115962913	0.921230167	-1.210864196	-0.173671116	-0.35840124	3.13426015	-3.94707071	-0.55771646	0.72493326938	0.00668011188	0.00124388708	0.58509518599	0.839259663121	0.025459305451	0.006781021571	0.728268767145	7.13315297	0.00321055914	0	1	-1	0
16.86570951	-0.115708962	-0.43076013	1.899535531	1.584484363	-0.36873857	-1.51113606	6.38451734	5.24656437	0.71736807628	0.15110178199	1.110049e-05	9.197578e-05	0.836752216544	0.284003081841	0.000174900418	0.000943116717	24.15317804	4.68651e-06	0	0	1	1
15.96952068	-0.025315859	-0.023776879	-0.714280395	-0.712741415	-0.09088934	-0.09397052	-2.70469363	-2.65881268	0.92875812764	0.92635043877	0.01607364809	0.01763194893	0.95690231333	0.955946299437	0.051531397846	0.055426953821	4.80547558	0.0149971815	0	0	0	0
16.61122396	-0.22335214	0.403535706	-0.324953898	0.301933947	-0.71654033	1.425112	-1.09951551	1.00646332	0.48443746527	0.17417694176	0.28851972135	0.3298238784	0.646583889594	0.312985547636	0.451839369673	0.498984134529	0.85324395	0.48599051451	0	0	0	0
17.79837463	-0.09961505	-0.113784398	-0.285194595	-0.299363943	-0.19885171	-0.2500366	-0.60044709	-0.62092528	0.84500487856	0.80589510271	0.55702465757	0.54381591668	0.917740941419	0.895907701088	0.704724311996	0.697033893204	0.26942968	0.84644510985	0	0	0	0
18.66785939	0.332067873	-0.929217949	0.951579266	-0.309706556	1.65144443	-5.08711082	4.99127109	-1.60037952	0.11899011313	0.00012538668	0.00015128208	0.12992757962	0.239462969103	0.001132864313	0.001303042984	0.256676502864	11.88877938	0.0002802641	0	-1	1	0
17.34524103	-0.484490886	0.61784354	-0.594659543	0.507674883	-1.7461937	2.45133022	-2.2604988	1.90120069	0.10079000666	0.02667826737	0.03875199505	0.07625274795	0.210713088351	0.076766862894	0.101970626498	0.169567212298	3.05552805	0.06007935602	0	0	0	0
16.90422502	0.173780697	-0.557863199	0.240363949	-0.491279948	0.64922965	-2.2942515	0.94709866	-1.9070467	0.52580325506	0.03629782082	0.35828738194	0.07544189358	0.68305767936	0.096694401021	0.528615979101	0.168634820952	2.00067714	0.15631205583	0	0	0	0
17.18152999	-0.020019036	0.083641549	-1.906952311	-1.803291726	-0.08155152	0.37508307	-8.19328014	-7.63291384	0.93605914691	0.7127399664	5.5207e-07	1.3361e-06	0.962122846305	0.834800314069	1.6988251e-05	3.5229497e-05	42.22764983	1.2165e-07	0	0	-1	-1
18.7158566	0.028599403	-0.219126739	-0.347888968	-0.59561511	0.18248427	-1.53914788	-2.34119835	-3.94884109	0.8575952871	0.14416297824	0.0331256037	0.00123936042	0.920276670212	0.275938619094	0.089912352905	0.006781021571	7.16910916	0.00314192327	0	0	0	-1
18.1546508	-0.004478181	-0.045984448	0.325909004	0.284402737	-0.02011931	-0.22742532	1.54431817	1.3276408	0.98420787181	0.8230998554	0.14291203915	0.20373882938	0.986498503009	0.904289977195	0.274014010058	0.348008348361	1.42293112	0.27439785682	0	0	0	0
19.810031	-0.070250738	0.323297659	0.750688637	1.144237035	-0.34815429	1.76376176	3.9238264	5.89213028	0.73246160141	0.09769686733	0.00130489657	2.712576e-05	0.843440631925	0.205242849746	0.006966637861	0.000340257052	16.79113466	4.181564e-05	0	0	1	1
16.17546355	0.140869214	2.687596206	-2.139098484	0.407628508	0.41202913	8.65351103	-6.59890219	1.23883041	0.68602483173	2.7499e-07	7.60173e-06	0.23405177526	0.813159708803	1.0449704e-05	0.000130952415	0.386694237381	31.43948792	8.6861e-07	0	1	-1	0
17.59883377	0.005331698	0.534796866	0.049439304	0.578904472	0.02027312	2.23851744	0.19826979	2.28716507	0.98408715325	0.04043267666	0.84544072635	0.03680069283	0.986498503009	0.104687411302	0.917740941419	0.097431342484	2.54085099	0.09465429707	0	0	0	0
18.03304373	0.18121642	-0.543305598	0.069672397	-0.654849621	0.72935173	-2.40713339	0.2957531	-2.7385239	0.47678905744	0.02910836431	0.7713891836	0.01501067359	0.641010886803	0.081402611867	0.872602454876	0.04885085712	2.97446422	0.0644419328	0	0	0	-1
15.78855605	-1.497800102	-0.12825926	-0.872158944	0.497381899	-3.48810488	-0.32880689	-2.14220191	1.20354169	0.00321303375	0.74675290219	0.04862718569	0.24703298254	0.014464249504	0.853430077636	0.120587953759	0.404008371445	4.16608409	0.02425486537	-1	0	0	0
18.18791755	0.361482988	-0.263277828	0.614245633	-0.010515183	1.86476917	-1.49509231	3.34201487	-0.05636241	0.08148413652	0.15520059815	0.00434834379	0.9557815483	0.179043374801	0.289349455713	0.017960178004	0.973419061802	3.72470383	0.03438419515	0	0	1	0
18.56324047	0.314960543	-1.443363333	1.33960244	-0.418721436	0.93794247	-4.73164579	4.20750913	-1.29562921	0.36282489758	0.00025292441	0.00072902488	0.21428320913	0.53208827204	0.001922225508	0.004528366062	0.360956852931	9.56447008	0.00083940283	0	-1	1	0
18.38736907	0.52547451	-0.427514044	1.677122773	0.724134219	2.1483128	-1.92403404	7.23169001	3.07609975	0.04806472806	0.07312944757	2.57903e-06	0.00753044639	0.119422362799	0.164892227324	5.9501929e-05	0.027877755676	20.69711058	1.212428e-05	0	0	1	1
17.90872944	0.127712758	-0.328944604	-0.938218456	-1.394875818	0.55521507	-1.57422291	-4.30189705	-6.30083323	0.58676291754	0.13585521401	0.00060139596	1.289055e-05	0.729641664547	0.263947272932	0.003904540609	0.000189256773	19.41354358	1.782301e-05	0	0	-1	-1
17.54439546	-0.734605665	1.386026606	1.100106109	3.220738381	-1.81249777	3.76453448	2.8627727	8.25684511	0.0895489699	0.00181288808	0.01166069136	5.0064e-07	0.193150699692	0.009221462221	0.040390384023	1.6585449e-05	25.74774917	3.13579e-06	0	1	1	1
17.96548977	-0.110026594	0.10908523	-2.21168123	-1.992569406	-0.54999968	0.60027082	-11.66047894	-10.34936521	0.59024789667	0.55710071894	5.06e-09	2.589e-08	0.732565112865	0.704724311996	4.35529e-07	1.520342e-06	81.62812789	1.2e-09	0	0	-1	-1
17.91256526	-0.448124733	-0.088654275	-0.717535508	-0.35806505	-2.40904865	-0.52464175	-4.06835777	-2.00006482	0.02899885065	0.6073402202	0.00096935957	0.06354284635	0.081402611867	0.74874385925	0.005641498016	0.148727096888	7.77351772	0.00220384791	0	0	-1	0
19.58200127	-0.182420489	-0.507117963	0.286795264	-0.037902211	-0.84649553	-2.590458	1.4036283	-0.18274735	0.41030312703	0.02022602351	0.18037202493	0.85739241163	0.578724497945	0.062817361479	0.320551108946	0.920276670212	2.86258679	0.07105261034	0	0	0	0
20.1719321	-0.114526687	-0.143098461	-0.449990408	-0.478562182	-0.68235367	-0.93854327	-2.82771199	-2.96262505	0.50520130751	0.36252595224	0.01252430133	0.00950715786	0.666517288072	0.53208827204	0.042694979746	0.033931624171	5.81705628	0.00739721435	0	0	-1	-1
17.6685608	-0.223864425	0.269733785	-0.155625341	0.337972868	-0.9962002	1.32133638	-0.73041712	1.56271169	0.33462647036	0.20578199969	0.47615631202	0.13853582308	0.502569133332	0.349829399472	0.641010886803	0.268348251007	1.01477642	0.41312740067	0	0	0	0
17.94168259	0.308738588	0.269113834	-0.108939993	-0.148564747	1.33967532	1.28546771	-0.49856877	-0.66982275	0.1998837382	0.21771948178	0.62516426688	0.51293971919	0.344333053013	0.36579137901	0.76092354734	0.673090188538	1.46858091	0.26224159645	0	0	0	0
17.42479684	-0.110405889	-0.059225354	-0.415908779	-0.364728244	-0.50300413	-0.29703217	-1.99851074	-1.72657001	0.62211464723	0.77043091104	0.06372681469	0.10434619838	0.759709002105	0.872389778323	0.148887964892	0.215359885472	2.36469861	0.11116904697	0	0	0	0
19.15687653	-0.313515503	0.718849317	-0.829371974	0.202992846	-1.25031861	3.15584776	-3.48851115	0.8411586	0.22994233363	0.00638920763	0.00321033049	0.41319482693	0.382349414486	0.024422651665	0.014464249504	0.58153346012	5.20513078	0.01125904914	0	1	-1	0
17.77219802	0.307270212	-0.449002484	1.183259947	0.426987251	1.6730875	-2.69130826	6.79528137	2.41573107	0.11459925176	0.01651399303	5.40374e-06	0.02861979598	0.232072465943	0.052166452314	0.000104203528	0.080735319672	17.99343681	2.795317e-05	0	0	1	0
17.0826939	0.08675448	-0.20064461	-0.057862276	-0.345261366	0.36595643	-0.93171155	-0.25743173	-1.51328575	0.71940117264	0.36593529239	0.80027080873	0.15055953445	0.837559555047	0.534828504265	0.892105163826	0.283975063522	0.82475753	0.50006275131	0	0	0	0
18.6543326	0.069787524	0.356238128	-0.968567641	-0.682117037	0.29317709	1.64743825	-4.29152137	-2.97746468	0.77332028702	0.11981859132	0.00061423312	0.00922226937	0.872602454876	0.240755241025	0.003967945969	0.033189894218	10.22397721	0.0006050781	0	0	-1	-1
18.09765319	0.076959131	0.71457147	0.038185773	0.675798112	0.31222638	3.19132921	0.1633955	2.84879951	0.75907736494	0.00593802745	0.87234278803	0.01199769681	0.861042981131	0.022969854672	0.922827099623	0.041336064729	4.64710498	0.01684971574	0	1	0	1
16.5137209	-0.715620969	-0.223723032	0.592510261	1.084408198	-1.98208718	-0.6821296	1.73087082	3.12081461	0.06570075563	0.50533908309	0.10355756038	0.00686786269	0.152397443929	0.666517288072	0.214417256435	0.025869616897	5.74747887	0.00775059728	0	0	0	1
18.06518528	0.54547893	-0.30872604	-0.453914057	-1.308119027	1.69507428	-1.05608901	-1.48769352	-4.22370425	0.11028291255	0.30729596151	0.15712188218	0.00070530974	0.225095612976	0.474911940521	0.291308969356	0.004402223096	6.84184139	0.00383338336	0	0	0	-1
17.23935421	-0.916337614	0.568272705	-0.591867581	0.892742738	-1.95298228	1.33326381	-1.33044347	1.97699057	0.0693353449	0.20193022571	0.20283575474	0.06632448741	0.158832031215	0.346963456968	0.347601040641	0.153568526395	1.93684324	0.16612972972	0	0	0	0
18.06394827	0.289065244	0.249654316	0.517572398	0.47816147	1.33320907	1.26752918	2.51769185	2.29146086	0.20194777062	0.22389186148	0.02338806947	0.0364950793	0.346963456968	0.373731634406	0.069465254601	0.097019840437	4.67781311	0.01647129703	0	0	0	0
19.25384965	-0.118314145	-0.429319449	-0.231546525	-0.542551829	-0.56767736	-2.26757662	-1.1717427	-2.70484023	0.57847819692	0.03822485873	0.25919939883	0.01606888871	0.72142261624	0.100788811194	0.417615790316	0.051531397846	4.02990583	0.02697036273	0	0	0	0
16.29064875	-0.497962899	0.207475476	-0.376809601	0.328628774	-1.46888144	0.67371006	-1.1723055	1.00723504	0.16209632287	0.51053187674	0.25898016257	0.32946474688	0.297576481823	0.67169774414	0.417615790316	0.498984134529	0.87312664	0.47639165137	0	0	0	0
19.4935445	-1.092711368	0.312221677	-4.478867777	-3.073934732	-3.24517556	1.02073332	-14.0291081	-9.48555748	0.00531285083	0.32322821346	3.7e-10	8.301e-08	0.021055838255	0.493047050514	8.4872e-08	3.972327e-06	95.59900602	3.8e-10	-1	0	-1	-1
17.43626417	0.430155968	0.599363124	0.757516426	0.926723582	1.29604987	1.98793548	2.40722619	2.90122531	0.21414188778	0.06499158296	0.029103049	0.01078020799	0.360956852931	0.151023606455	0.081402611867	0.038150600505	6.13093969	0.0060129282	0	0	0	1
21.33266238	-0.113502382	-0.222910352	0.104131595	-0.005276375	-0.65654063	-1.41939534	0.63528447	-0.0317123	0.52121572735	0.17580811484	0.5346162779	0.97511090363	0.678841451346	0.314603994979	0.689345539965	0.984590404931	0.91734009	0.45569343461	0	0	0	0
17.78142251	-0.128820129	0.289669688	-1.016838179	-0.598348362	-0.72967247	1.80619148	-6.07470457	-3.5215497	0.47659851259	0.09056829389	1.940056e-05	0.0029979387	0.641010886803	0.193688218114	0.000266498057	0.013882927587	17.09120662	3.774162e-05	0	0	-1	-1
20.60135156	0.094107515	-0.233966615	0.675548102	0.347473972	0.5849367	-1.60086592	4.42863539	2.24410062	0.56710526854	0.12981947263	0.00046498298	0.03999946741	0.709980626892	0.256676502864	0.003178613803	0.103982518902	8.68043996	0.0013317505	0	0	1	0
18.0448056	-0.439179431	2.345954325	-1.633996952	1.151136805	-0.86835192	5.10610611	-3.40748619	2.36491862	0.39865766668	0.00012248415	0.00381765437	0.0316884312	0.569133376081	0.001116447655	0.016225031067	0.087109474716	9.29637181	0.00097438534	0	1	-1	0
17.99150768	-0.308698571	0.53535411	-1.631007283	-0.786954602	-1.08708899	2.07533458	-6.0578074	-2.87949043	0.29380376173	0.05519056274	2.000798e-05	0.0112695968	0.458447415653	0.132539418338	0.000266498057	0.039352213689	15.58109318	6.413943e-05	0	0	-1	-1
21.01579421	0.525436739	-0.205960415	0.695113007	-0.036284148	2.41722684	-1.04303105	3.37272919	-0.17344005	0.02853559442	0.31311246794	0.004080439	0.86457616922	0.080673934339	0.480834003579	0.017116646705	0.922827099623	3.95146616	0.02868819288	0	0	1	0
19.31970232	0.010194872	-1.550227624	-0.879704531	-2.440127028	0.03122646	-5.22700609	-2.8418879	-7.76584909	0.97549207653	9.552273e-05	0.01216787716	1.07948e-06	0.984590404931	0.000967952933	0.041749495199	2.9674339e-05	26.31810031	2.7295e-06	0	-1	-1	-1
16.97268863	0.139850164	0.965794147	-0.153964699	0.671979284	0.44388952	3.37452761	-0.51542105	2.21617106	0.66332722574	0.00406527179	0.61361517618	0.04221068862	0.793535903384	0.01710857051	0.752887756529	0.108854709965	4.17125945	0.02415788505	0	1	0	0
17.2372834	-0.218741961	-0.062511441	-1.306653873	-1.150423354	-0.80920345	-0.25456673	-5.0981812	-4.42200057	0.43078557468	0.80244279025	0.00012270555	0.00047127089	0.598467701602	0.893755245696	0.001116447655	0.003178880794	15.19332991	7.394559e-05	0	0	-1	-1
17.25823442	-0.198226615	-0.397677606	-0.695535981	-0.894986972	-0.63795753	-1.40889115	-2.36090487	-2.99282965	0.53292063108	0.17883799055	0.03187326929	0.00893611109	0.688744395945	0.318262649847	0.087246321878	0.032431054862	5.2985268	0.01054464744	0	0	0	-1
17.57116242	0.035260466	-0.164229818	0.495376155	0.295885871	0.17051177	-0.87424834	2.52656503	1.48670913	0.86683892029	0.39548001825	0.0229786098	0.15737899428	0.922827099623	0.565847379381	0.068564350717	0.291308969356	3.06026729	0.05983466686	0	0	0	0
20.28762393	0.05945582	0.121592802	0.015769329	0.077906311	0.34600617	0.77895763	0.09679028	0.47108317	0.73404343754	0.44786916858	0.9241476761	0.64421858965	0.844509457972	0.611677553701	0.955199038016	0.776403206308	0.27954628	0.83932079618	0	0	0	0
18.11072806	0.177782042	-0.33578959	0.056781111	-0.45679052	0.94103108	-1.95658993	0.31699255	-2.51228349	0.36128987384	0.06887516875	0.75552754613	0.02364104554	0.531042681457	0.158339355925	0.858523825505	0.070005802079	2.29734892	0.11830307719	0	0	0	0
16.7048668	0.377401894	-0.877970519	0.402819861	-0.852552552	1.54641698	-3.96021689	1.74085458	-3.62977057	0.14240685661	0.00121066883	0.10174689662	0.00239591122	0.274014010058	0.006656102658	0.212027403922	0.011637283072	6.47135305	0.00483148769	0	-1	0	-1
17.6408646	0.302842721	-0.353066125	0.707657147	0.051748301	1.11263146	-1.42792946	2.74211825	0.19754488	0.28301932082	0.17337760282	0.01490181473	0.84599803501	0.446472481687	0.311983095891	0.048624523461	0.917740941419	2.59636372	0.09002679081	0	0	1	0
20.46051759	-0.189804756	0.239298312	2.10512937	2.534232438	-0.5183213	0.71936302	6.06317133	7.1907451	0.61163807804	0.48274605938	1.981304e-05	2.76136e-06	0.751920867752	0.645331997161	0.000266498057	6.2590837e-05	29.60150974	1.2849e-06	0	0	1	1
20.92678092	0.027665554	0.159744011	0.565168577	0.697247033	0.1044498	0.66391021	2.25048098	2.73520835	0.9181674414	0.51661446422	0.03950970206	0.01511177019	0.95130098981	0.675572760903	0.103124313257	0.049056299211	4.2074347	0.0234920141	0	0	0	1
21.06339415	0.514406276	-0.031620139	-0.407451483	-0.953477898	2.86503087	-0.19386675	-2.39347025	-5.51784071	0.01160710148	0.84882706154	0.02990103406	5.469283e-05	0.040312836337	0.91850343405	0.08282065578	0.000634307184	13.73663134	0.00012935423	1	0	0	-1
17.85757157	-0.150178599	0.579619758	-0.722476667	0.00732169	-0.43599178	1.85237936	-2.21219374	0.022086	0.66892312656	0.08333492837	0.04253467236	0.98266442189	0.798751090128	0.182180587919	0.109296598622	0.986498503009	2.11850226	0.13981352027	0	0	0	0
17.52017124	-0.490460948	-0.06157848	0.253592834	0.682475302	-1.93832581	-0.26789698	1.05703267	2.8024945	0.07123353202	0.79235157773	0.30687868992	0.01318358642	0.162316972437	0.885772538131	0.474835050752	0.044242061456	3.98627947	0.02791109904	0	0	0	1
18.06801984	0.100001616	0.69180846	-0.241230243	0.3505766	0.49576763	3.77549171	-1.26133947	1.80588277	0.62709389274	0.00177228932	0.22605332243	0.09061845552	0.761471155476	0.009050584214	0.376852764614	0.193688218114	4.83777637	0.01464809968	0	1	0	0
17.3547413	-0.63637854	0.640333552	0.538751996	1.815464088	-2.21095773	2.44899375	1.97416246	6.55372265	0.04263582485	0.02680176735	0.06667290483	8.22879e-06	0.109296598622	0.076780229304	0.154099093087	0.000136302592	15.62502391	6.312428e-05	0	0	0	1
17.37106262	0.956029491	0.564597565	-0.456133516	-0.847565442	2.24197834	1.45752371	-1.12818726	-2.065232	0.04016362685	0.16516243883	0.27659752624	0.05625004678	0.104199610217	0.302092753988	0.439562120429	0.134334677327	4.41973958	0.0199755309	0	0	0	0
19.53083083	-0.02354228	-0.100149041	-0.041230912	-0.117837673	-0.12566769	-0.58848908	-0.23212779	-0.65357397	0.90162911845	0.56477914468	0.81951070009	0.52307451946	0.942479628674	0.707911823247	0.903419645488	0.680576313337	0.23426894	0.87110506164	0	0	0	0
18.0902434	0.726019325	-0.069996187	2.235163306	1.439147793	2.15683812	-0.22890762	7.00338034	4.44232418	0.04729007428	0.82196804508	3.78549e-06	0.00045227949	0.118541493315	0.904289977195	8.1514209e-05	0.003108218654	23.05692045	6.25669e-06	0	0	1	1
19.86198371	0.22661054	-0.921466155	1.287307884	0.139231189	1.15778589	-5.18255643	6.93680777	0.73912886	0.26468147954	0.00010411938	4.2393e-06	0.47100134602	0.424278500694	0.001026887283	8.6939196e-05	0.637095075879	20.3358597	1.348673e-05	0	-1	1	0
17.79027502	-0.280666375	0.009015112	0.832700308	1.122381795	-1.09983913	0.03888897	3.44156987	4.56998609	0.28838305861	0.9694811128	0.00353821581	0.00034960852	0.451839369673	0.981382069606	0.01534018398	0.002523431327	11.36968332	0.0003534022	0	0	1	1
17.56810804	0.794090789	-0.59355149	1.478447454	0.090805175	3.05102433	-2.5104433	5.9911541	0.36251134	0.00792914998	0.02372771349	2.260393e-05	0.72192177065	0.029103584568	0.070005802079	0.000294992756	0.838892740887	12.0186475	0.00026475167	1	0	1	0
18.20785343	0.041216438	0.151964476	0.570569794	0.681317832	0.15420649	0.6258796	2.25149027	2.64860657	0.8794597957	0.54060595748	0.03943274259	0.0179978685	0.926048945431	0.694987957283	0.103124313257	0.056439917733	4.05545034	0.02643604919	0	0	0	0
18.40061621	0.549501904	0.000314819	-0.463785502	-1.012972586	2.14843429	0.00135497	-1.91248979	-4.11515358	0.04805360689	0.99893637267	0.07469388786	0.00088065592	0.119422362799	0.998936372671	0.167833918466	0.005334689724	7.94055609	0.00200362957	0	0	0	-1
18.27389594	-0.956469051	0.266409042	-0.679946438	0.542931655	-2.59466742	0.79556605	-1.94542532	1.53035231	0.02005621872	0.43843633875	0.07030828622	0.14631224851	0.062440083334	0.605192040245	0.160491706365	0.278402687891	2.4710077	0.10085400023	0	0	0	0
18.44292623	-1.097044168	-0.033603871	3.053877712	4.117318008	-3.73081094	-0.12580125	10.9536751	14.54886194	0.00194381716	0.90152515848	1.196e-08	2.2e-10	0.009734154128	0.942479628674	8.58779e-07	7.1804e-08	116.09861924	9e-11	-1	0	1	1
20.60690166	-0.355055082	-0.227501905	-1.700846767	-1.57329359	-0.96933787	-0.68372426	-4.89749184	-4.46297756	0.34743048549	0.5043590266	0.00018198133	0.00043378066	0.517739547	0.666517288072	0.001497578873	0.003013143051	14.76335404	8.68533e-05	0	0	-1	-1
20.0313559	-1.866838887	-0.186015594	2.811273241	4.492096534	-3.71906086	-0.40793626	5.90688601	9.29845964	0.00200506847	0.68898867396	2.687933e-05	1.1203e-07	0.010002117634	0.814431259615	0.000340257052	4.824672e-06	44.98330093	8.273e-08	-1	0	1	1
21.26185843	-0.942909566	-0.761977523	0.918059573	1.098991615	-3.96272791	-3.52519283	4.06934171	4.79903673	0.0012044268	0.00297539643	0.00096740408	0.00022117595	0.006654298834	0.013835442056	0.005641498016	0.001753124715	24.41984745	4.37545e-06	-1	-1	1	1
17.93381957	-0.657002731	1.405254788	-1.509902035	0.552355483	-0.86567702	2.03826334	-2.09829512	0.75621079	0.40229564945	0.06231165527	0.05589743678	0.46295068393	0.571888177643	0.146909960956	0.133932670594	0.629612930144	1.99714478	0.16404718943	0	0	0	0
17.72772388	-0.025772397	-0.033814186	-1.128147208	-1.136188996	-0.11258027	-0.16260089	-5.19759376	-5.15695732	0.91182509086	0.87295778865	0.00010112505	0.00010942924	0.949297354872	0.922827099623	0.00101281835	0.001063026902	17.92319799	2.860232e-05	0	0	-1	-1
16.92788479	0.310720527	0.561263419	0.328427063	0.578969955	1.20844385	2.40292255	1.34717666	2.33963462	0.24519714068	0.0293505148	0.19751057521	0.03322693456	0.402176339626	0.081726002419	0.341611329541	0.0899983217	4.32975889	0.02138828348	0	0	0	0
19.05248969	-0.176705593	0.00826081	-0.308332565	-0.123366162	-0.952379	0.04901158	-1.75270165	-0.6908616	0.35568853536	0.9615432691	0.09963430433	0.49998605682	0.527345278273	0.977430293999	0.208973248701	0.661866788326	1.25507167	0.32445731609	0	0	0	0
17.3540792	-0.074689619	0.13896244	0.18495787	0.398609929	-0.34845925	0.71368355	0.91010951	1.93230352	0.73223713847	0.48615289895	0.37686009495	0.07202697355	0.843440631925	0.648203865264	0.546468285834	0.162836371824	1.52645759	0.24764586993	0	0	0	0
19.06438308	-0.11040213	-0.24734194	0.503813727	0.366873917	-0.66271156	-1.63441133	3.18967311	2.28822863	0.51736126796	0.12254697492	0.00595836747	0.03672480582	0.675590737292	0.244337487026	0.02297973364	0.097430080339	6.43977683	0.00492928427	0	0	1	0
20.29347132	0.165108242	-0.515366055	-0.66810884	-1.348583138	0.98983587	-3.40115755	-4.22445549	-8.40054849	0.33762943535	0.00384714645	0.00070422893	4.0208e-07	0.504881053785	0.016296764649	0.004402223096	1.4040252e-05	29.89869815	1.20443e-06	0	-1	-1	-1
18.99764579	0.095514747	0.266964012	-1.853296235	-1.681846969	0.49096956	1.51061351	-10.0475012	-8.98268351	0.63040567213	0.15123383925	3.857e-08	1.6962e-07	0.763340326521	0.284003081841	2.16646e-06	7.069491e-06	62.71631692	7.86e-09	0	0	-1	-1
17.66198394	-0.104833842	-0.282973589	-0.721835805	-0.899975552	-0.35083727	-1.04247735	-2.54783748	-3.12946726	0.73048766792	0.31336085992	0.02202465174	0.00674645077	0.843422758676	0.480834003579	0.066797770056	0.025636512925	5.5841599	0.00865721804	0	0	0	-1
